0.9986224926674617 -0.00010942279591720136 -0.052470040644898464 -0.3847835063934326 -0.0010463619755957572 0.9997574332219892 -0.02199954190422894 -0.11409615725278854 0.05245972040758119 0.022024140029332166 0.9983801455311133 0.9232552647590637
0.999990010228993 -0.004434694436758199 -0.0005593992056487262 -0.006907902657985687 0.004441551602037667 0.9999066879763366 0.012918512281207535 -0.1050024926662445 0.0005020573524321478 -0.01292086782866612 0.9999163960616755 1.8447498083114624
0.9998233497073951 -0.006583108336449848 0.017604887517805326 0.0799495130777359 0.006272206509938191 0.9998244249763214 0.017657254777144808 -0.10526814311742783 -0.017718036160384767 -0.017543714127825915 0.9996890963140592 2.091919422149658
0.9949458387335737 -0.09506736320689896 0.03232606440062253 0.3018799126148224 0.09664252588293465 0.9939978429486177 -0.05126900042385748 -0.15375567972660065 -0.027258029600687378 0.054133951143277396 0.9981615676612206 2.540816068649292
0.9961214043702837 -0.0678289056888794 0.05604808032771754 0.48232734203338623 0.06947676852929384 0.9971907467264804 -0.0279927361615584 -0.14397113025188446 -0.05399191041350641 0.031778203160858484 0.9980355802343754 2.876067876815796
0.9848378952192821 -0.004029003490127242 0.17343035279595861 1.5924986600875854 -0.0017150516308674737 0.9994552776340385 0.03295764869298442 -0.20123429596424103 -0.17346866788546453 -0.03275538337957993 0.9842945220419034 4.737107276916504
0.9603304634408848 0.007548376977332615 0.27876230554438897 2.6039845943450928 -0.02080316677332157 0.9987873558948573 0.04462113800387397 -0.2735535800457001 -0.27808744890702375 -0.04865017687087552 0.9593229545105317 6.291741371154785
0.9246946115005621 -0.00753524107531469 0.38063512134820365 3.7011730670928955 -0.00934027712352688 0.9990541438592425 0.04246853966092922 -0.3626767098903656 -0.3805951059657501 -0.04282566729909865 0.9237496021841127 8.019865036010742
0.9651316324141306 -0.06947009038276163 0.2523783640802953 2.6261584758758545 0.07438058791013737 0.9971802204555115 -0.009956710020862219 -0.35307103395462036 -0.250975019186726 0.02838158689199995 0.9675774001441508 6.4578752517700195
0.961040203319748 -0.06857354262192722 0.2677674305351872 2.8016719818115234 0.07176912709786346 0.9974189478799066 -0.002152859900469496 -0.3751084506511688 -0.26692867961076844 0.021286419671214307 0.9634811717614584 6.797415256500244
0.9162048717814584 -0.07321400775837876 0.39396489944140595 3.9597363471984863 0.08034750458877073 0.9967655990593709 -0.0016183442682355387 -0.4609876573085785 -0.3925721735302676 0.03313683146845997 0.9191240607066883 8.416863441467285
0.9211121789156667 -0.06336581678100281 0.3841056197413792 3.8089466094970703 0.06983608955390674 0.9975542483763348 -0.002905536464096253 -0.4391588866710663 -0.38298208110700344 0.029500759481780436 0.9232845881638805 8.086971282958984
0.8735345037005064 -0.07164007412612684 0.48146149443534264 4.698243618011475 0.09123138117652564 0.9956782088831518 -0.01737064891886798 -0.5030807852745056 -0.4781362838494208 0.059098258302949486 0.8762950929522683 9.204977035522461
0.8643140352303421 -0.07992397270566051 0.4965615843888734 4.842668056488037 0.10550083810383812 0.9941385817918701 -0.023623152885196726 -0.5293751358985901 -0.49176297305026034 0.07280548591826354 0.867679975311736 9.411050796508789
0.8334905240214544 -0.08975906592497616 0.5451943290705774 5.416620254516602 0.11994788961410553 0.9925795067373455 -0.019960625796057934 -0.5807088017463684 -0.5393570710981397 0.08203190165614643 0.8380720237349011 10.362725257873535
0.7668198964782877 -0.10288121938060282 0.6335634941059884 6.376601696014404 0.15640094307540744 0.9872684377913754 -0.028978901740761516 -0.6509698033332825 -0.6225158563202642 0.12131152640923212 0.7731478009993373 11.746304512023926
0.6706883818560424 -0.11998672241466819 0.731970136609076 7.647779941558838 0.20059529864822195 0.9793981409841641 -0.023255270305771528 -0.7511804103851318 -0.7140998673879967 0.16242680776568014 0.6809397267860766 13.78592586517334
0.7207621244766381 -0.12144268460167265 0.6824614525939628 6.976109504699707 0.19825889602077676 0.9795216687117916 -0.035081486181318636 -0.7028967142105103 -0.664225391014636 0.16058946067785979 0.7300792114905397 12.703076362609863
0.5970054781360769 -0.11585477516897946 0.7938275191413179 8.462512016296387 0.20789511238557906 0.978056469826605 -0.013607500744322265 -0.8132096529006958 -0.7748316470832238 0.17315661379475084 0.6079907119170767 14.987220764160156
0.6298908481080652 -0.121988289962175 0.7670439208948904 8.12883472442627 0.22142303763402485 0.9748095110586129 -0.026800290195993656 -0.8005881309509277 -0.74445238791653 0.18672245248435598 0.641034607383723 14.471894264221191
0.5099107150031039 -0.11625126606384235 0.852336028725512 9.792196273803711 0.23530179790145972 0.971887658190265 -0.008212415100502829 -0.9093062281608582 -0.8274201632963532 0.20474379843110288 0.5229300626036334 16.92289161682129
0.48747945724411534 -0.10700213133760447 0.8665531274273911 10.059060096740723 0.22734814495827274 0.973783483022342 -0.007651743390106547 -0.9116170406341553 -0.8430163697989587 0.20073931374318754 0.4990261798432014 17.133344650268555
0.5491154408912452 -0.12233633149962789 0.8267442497955623 9.187047958374023 0.22479128447010469 0.9743934870559815 -0.005119649320571115 -0.8651828765869141 -0.8049478933453359 0.18865618033369147 0.5625546503414649 16.142770767211914
0.6162921667060849 -0.1245854217348829 0.7776004359231424 8.43861198425293 0.2184670179529068 0.9756993120136388 -0.016823037861121756 -0.8097182512283325 -0.7566083050849258 0.1802479548490185 0.6285336486213469 15.024922370910645
0.5041187078272825 -0.12306988808173135 0.8548205256462326 9.991175651550293 0.23381157109482853 0.9722796750395318 0.00209349640325103 -0.9288640022277832 -0.8313822692604883 0.1988115594038048 0.5189195373145132 17.378150939941406
0.43583119702763684 -0.11151042434495265 0.893093832113886 11.006755828857422 0.22720740189135527 0.9737875189086597 0.010708153131948839 -0.9708037972450256 -0.8708776976265024 0.19825058204233775 0.4497429738157529 18.556766510009766
0.3534219870832404 -0.0868163933901855 0.931426761954398 12.877523422241211 0.2210969224485177 0.9752266778887657 0.007005541937359597 -0.9751649498939514 -0.9089604226422229 0.20345967800220882 0.36386138775268456 19.256267547607422
0.32669739947494014 -0.08550565526966421 0.9412532029657147 13.548399925231934 0.21528244207395453 0.9764517365113282 0.013981287447376242 -0.9936609268188477 -0.9202838036774231 0.19806763789402115 0.3374121093086274 19.72694969177246
0.31752729894680193 -0.08483061699034637 0.9444470238423036 13.960171699523926 0.2209118285880335 0.9752027992743366 0.013321571881302743 -0.995905339717865 -0.922157458579303 0.20440955630433372 0.328393597498529 19.832157135009766
0.29130319179295816 -0.08096982077619294 0.9531979535095038 14.776808738708496 0.21477632728888732 0.9765097984407051 0.017313081343028433 -0.9887016415596008 -0.9322089785490867 0.1996809997790595 0.3018508218304259 19.967622756958008
0.27850560326242835 -0.07979434162412821 0.9571141478403726 14.848472595214844 0.20437042278596038 0.9786436584898407 0.02212057838095463 -0.9865506291389465 -0.9384387882231418 0.18944511802205954 0.2888653458203134 20.12358856201172
0.2444532003504254 -0.061287559759270555 0.9677223092691356 16.25304412841797 0.1889985502324433 0.9818711709205777 0.014441320060444934 -0.9443272948265076 -0.951063710194259 0.17936788657339822 0.25160481000514123 19.774465560913086
0.2148886689242484 -0.053371173196376596 0.975179151663738 16.309694290161133 0.1716639932153956 0.9850242782539469 0.0160824340084514 -0.9315811991691589 -0.9614334784067537 0.16394721443786092 0.22083246472553963 19.804418563842773
0.1872090102977384 -0.051725983787330246 0.9809572921715675 16.88783073425293 0.15945911683152864 0.9869679550510974 0.021611241555353933 -0.9158681035041809 -0.9692912753773502 0.15237676431624278 0.1930174737526683 19.923320770263672
0.17222711549058306 -0.05194334953905936 0.9836867942228645 17.473060607910156 0.15696022125503425 0.9872971813257734 0.024652884004784353 -0.9111964106559753 -0.9724717526146268 0.15015380176620824 0.1781923853080995 20.14375877380371
0.13542829146654478 -0.052608611966252626 0.9893894641734551 20.57185173034668 0.15888375645490377 0.9868191315995395 0.030723825346285608 -0.8715212345123291 -0.9779647896551444 0.15303703949081904 0.14200188287010174 20.012205123901367
0.10683556045626313 -0.05409716822472335 0.9928039380522533 21.256195068359375 0.14075697037145954 0.9892852203077653 0.038758588370381666 -0.8702499866485596 -0.9842629924536657 0.13560327898204605 0.11330539446766513 20.43878746032715
0.08263526534432308 -0.0563668834398995 0.9949845161472346 21.79836654663086 0.11662256019341742 0.9920863614295387 0.04651698527884083 -0.8697250485420227 -0.9897325857904278 0.11219369820436417 0.08855496997809897 20.827970504760742
0.07653773880999126 -0.06242280451844122 0.9951107315338862 21.359067916870117 0.10109166227665324 0.9933810837174147 0.054538961583053755 -0.8944717049598694 -0.9919286518474989 0.09642310920348506 0.08234156699708939 21.293371200561523
0.08456714055422287 -0.06482715485062965 0.9943067126055493 20.60720443725586 0.10273862666627692 0.9931300960800277 0.056012381227742866 -0.9041155576705933 -0.9911070443343691 0.09741689922209142 0.09064642528386435 21.40174102783203
0.0618010466842569 -0.06729758448397542 0.9958170844845715 21.59236717224121 0.08948115284348775 0.9940800991111991 0.06162694083652656 -0.8787317276000977 -0.9940692902984833 0.08529825129327417 0.06745705605627006 21.453981399536133
0.06318816769548236 -0.07086373734630637 0.9954825895979305 21.717926025390625 0.10340730491542276 0.9925719348501112 0.06409277212007247 -0.8595753908157349 -0.9926299334361304 0.09889026684775634 0.07004662996435412 21.399486541748047
0.04646962096166757 -0.0688503005576777 0.9965441337145066 23.340456008911133 0.09993907367067394 0.9929369313948513 0.06394084630362394 -0.816277801990509 -0.9939078206159394 0.09662239070367436 0.053022238100441876 21.16977310180664
0.012754835494089012 -0.07344883120558911 0.997217420308155 25.6141414642334 0.05309931261316996 0.9959411181768751 0.07267566390893312 -0.7742426991462708 -0.9985077752183642 0.05202459340665948 0.0166031475734027 21.637271881103516
-0.0013241592279857328 -0.08416818023132741 0.9964506831945501 28.310115814208984 0.015518223965320162 0.9963298394291915 0.08417859459484595 -0.757921576499939 -0.9998787083078131 0.015574610735040954 -1.3158679414482233e-05 22.07793617248535
0.013650057761901202 -0.10271379977180686 0.9946172888400514 30.02375602722168 -0.041393124456795244 0.9937992286432701 0.10319739529535571 -0.7574570775032043 -0.9990496910418426 -0.04257896763049585 0.009313771777328839 22.832447052001953
0.0442212773834092 -0.12392385096249595 0.9913058850774593 32.78740310668945 -0.0551087804115479 0.9904631137144126 0.12627684939331688 -0.7237086892127991 -0.9975006270414729 -0.060213781925533706 0.036970251799154696 23.3426513671875
0.05394929594667641 -0.12793811404386363 0.9903137444475653 33.50523376464844 -0.05669565456904523 0.9897657043865444 0.13095592072600315 -0.7263091802597046 -0.9969328343573832 -0.06321146569339353 0.046143627783774344 23.496549606323242
0.04911590773744995 -0.13284879294783006 0.9899185955518925 35.487022399902344 -0.04352284445950045 0.9898886928273776 0.1350042140922293 -0.7113186717033386 -0.9978443714413991 -0.049714927585293014 0.04283732435515358 22.873004913330078
0.04451956903949705 -0.13210370535378843 0.9902356381207139 37.210914611816406 -0.03749076515866046 0.9902992536958203 0.13379772291530323 -0.7000407576560974 -0.9983047883789581 -0.04308130872317529 0.03913502700066562 22.330408096313477
0.027229080948083517 -0.13316789901420037 0.9907193789478766 39.397117614746094 -0.0217903776958209 0.9907722861299019 0.13377390058154578 -0.6897944808006287 -0.9993916932767634 -0.025230689825519133 0.02407603996367047 21.42982292175293
0.013621720444075891 -0.1301280376674938 0.9914036224187157 39.4683837890625 -0.01134545930003654 0.9914116727122941 0.13028497903857852 -0.6857103705406189 -0.9998428522950071 -0.013022635010586113 0.012028370295530333 21.123294830322266
0.004126670693014978 -0.12862440478779724 0.9916847952257694 39.59006881713867 -0.0035533962315924816 0.9916850921007013 0.12863922994345334 -0.6859410405158997 -0.9999851718721696 -0.004054700754462466 0.0036353043310080047 20.90192222595215
0.0009052485471425231 -0.12867563717221212 0.9916863218394181 40.081260681152344 -0.0007778990020938792 0.9916863375098595 0.12867634930096689 -0.6857069134712219 -0.9999992876988519 -0.0008879158784053376 0.000797625966501847 20.730995178222656
0.01010504013590291 -0.13185236922350266 0.9912178574329666 42.78179168701172 -0.007904265102989444 0.9912269667502298 0.13193416153642934 -0.6862089037895203 -0.9999177019920358 -0.009168048717589673 0.00897419220200052 20.475099563598633
0.010927309542993147 -0.1298158264045895 0.9914779095476837 42.257633209228516 -0.008689884718550603 0.9914873380079614 0.12991283413683347 -0.6826785802841187 -0.9999025351551668 -0.01003542648717963 0.009706204484271952 20.48711395263672
0.015085338279306804 -0.13135615626646635 0.9912204561952394 44.32743835449219 -0.011196560265193709 0.9912489142486904 0.13153032744968013 -0.6792291402816772 -0.9998235192308824 -0.013082439057449227 0.013482588070595436 20.14539337158203
0.009696694204686662 -0.13155255786304954 0.9912617709975453 45.302513122558594 -0.0070505361052818835 0.9912747401059392 0.13162324858675606 -0.6742106080055237 -0.9999281294483764 -0.008265237297977082 0.008684571968681887 19.833242416381836
0.014993742745563754 -0.13590565265153637 0.9906083187899445 46.81203842163086 -0.010211991680454918 0.9906472025872216 0.13606555490656344 -0.6771840453147888 -0.9998354379118589 -0.012156215836873735 0.013465641913000925 19.474828720092773
0.0014160773569437124 -0.13497619854125575 0.9908478291605983 47.01374053955078 -0.0009942222030123044 0.9908481428734229 0.13497766217600493 -0.6687578558921814 -0.9999985031224446 -0.001176261722658653 0.0012689212858248977 19.09264373779297
-0.001207731065076434 -0.13617123057877406 0.9906845801506841 48.19272232055664 0.000816587696155488 0.990684838067398 0.13617226152160372 -0.6580482125282288 -0.9999989372845399 0.0009734403093633603 -0.0010852851031731836 18.734092712402344
0.004589470074275459 -0.1401399323548872 0.9901210714473279 49.03732681274414 -0.002920704091644119 0.9901253973832153 0.1401540828671741 -0.6464365124702454 -0.9999852030165477 -0.0035350836337056935 0.004134843607238703 18.454851150512695
0.006576905627631968 -0.14191000860144265 0.9898577139019044 49.51985168457031 -0.004072505553947392 0.9898671128226466 0.14193841499281062 -0.6433153748512268 -0.999970079057808 -0.004964716597826546 0.005932333286740976 18.33633041381836
0.02658741371710671 -0.14515143465541708 0.9890521575980259 53.648921966552734 -0.013654817125867622 0.9892568763546181 0.1455485436353226 -0.6369485855102539 -0.9995532278978919 -0.017375085685500516 0.0243197655483558 18.043251037597656
0.027906162262194056 -0.1461736147942944 0.9888652691068512 53.08930587768555 -0.014658068399314272 0.9890843332807138 0.14661965314870581 -0.6474053263664246 -0.9995030700996356 -0.018586446583868932 0.025458925051695835 18.25214385986328
0.005462112387045637 -0.14319846699625927 0.9896789198412749 55.02488327026367 -0.0028961784054486323 0.9896872673509538 0.14321565903924577 -0.6394973993301392 -0.9999808885568339 -0.0036485467412291916 0.004991054774491022 17.506742477416992
-0.005230273308524047 -0.14410862146735232 0.9895480531332965 57.99073791503906 0.002589159733263277 0.9895563197736311 0.14412351039279714 -0.6425148844718933 -0.9999829701014882 0.0033159033228400275 -0.004802529766674002 16.828271865844727
0.01638616509026769 -0.1443873655830217 0.9893855579366566 65.25044250488281 -0.0058792585263119646 0.9894873926437872 0.1444995990242896 -0.611833393573761 -0.9998484524730811 -0.008184647762398509 0.015365013120403948 15.45395278930664
0.0409637879587445 -0.1461738799523845 0.9884104233038705 67.19562530517578 -0.012242440998162227 0.9890930718382356 0.14678221241011824 -0.5712634325027466 -0.9990856273185383 -0.018113311714549676 0.03872747376545521 15.043421745300293
0.03419634477814465 -0.14878425787786193 0.9882782273284927 68.38131713867188 -0.009788934690392728 0.9887592784104138 0.14919539575652058 -0.5921260714530945 -0.9993671931584713 -0.014776128215857443 0.03235551380378715 14.834138870239258
0.03914350384169729 -0.15034079601786918 0.987859013806985 70.28057098388672 -0.01009759994472581 0.9885066969923716 0.15083947917103313 -0.5947108864784241 -0.999182578201978 -0.01587939085562526 0.037175534477704386 14.459336280822754
0.03524156514817334 -0.15143206763676542 0.9878392384275698 66.94302368164062 -0.010686467860356971 0.9883396285372557 0.15189001964417853 -0.609268844127655 -0.9993216856901368 -0.015909354295303366 0.033212361483789477 15.148757934570312
0.035468440631607145 -0.15409078122612802 0.9874198807297148 67.89155578613281 -0.010250903085497254 0.9879334851290882 0.15453914697132828 -0.6061235070228577 -0.9993182219418868 -0.015603208061665347 0.033460890500560225 14.909514427185059
0.034357324960983926 -0.15288294986173562 0.987646889259061 68.02081298828125 -0.009852088071860096 0.9881304985786605 0.15330053535233493 -0.5964617133140564 -0.999361051163267 -0.014997380446671899 0.03244330435680248 14.817495346069336
0.035701367403252804 -0.15379079528449827 0.9874582541309276 72.43730926513672 -0.007953152754793164 0.9880131445716615 0.1541647609373696 -0.5823968052864075 -0.999330855986543 -0.013357299104944292 0.03405029858641728 13.802781105041504
0.03170553861029479 -0.15314139672859017 0.9876955357950387 74.53727722167969 -0.00610075429000119 0.9881442863623037 0.15340681251700544 -0.5675272941589355 -0.9994786338979563 -0.010889533394556769 0.030395368790733457 13.159194946289062
0.020516373878281258 -0.15351837836494245 0.9879327841037994 78.06475067138672 -0.003360180188767048 0.9881246022521537 0.15361796643987077 -0.5787633061408997 -0.9997838704399992 -0.006471315802880712 0.01975688436453965 12.58154296875
0.013347947707882613 -0.15301097462004237 0.9881343400255924 80.64627838134766 -0.0018429656015748197 0.9882169353337372 0.15304865957396735 -0.5581054091453552 -0.9999092137638195 -0.0038639831031568456 0.01290867401399054 11.77856159210205
0.021052537627190226 -0.15423625675913705 0.987809681953151 81.3556900024414 -0.0024763669032646513 0.9880175826571946 0.1543214954800337 -0.5673640370368958 -0.9997753038890369 -0.005695038293390839 0.020418331773694398 11.791753768920898
0.008509117015481293 -0.15025666098697266 0.9886104039290008 82.50132751464844 -0.0011183302859840843 0.9886441478537932 0.1502714152852031 -0.5754602551460266 -0.999963171454323 -0.0023842700124965394 0.008244452166106142 11.650968551635742
0.0052173563536302425 -0.14768621037485216 0.9890205065911396 83.68231201171875 -0.0006787458203360575 0.9890332169967819 0.14769168893715068 -0.5917708277702332 -0.999986159152611 -0.0014418537067300147 0.005059897340636332 11.786623001098633
-0.020266013235281766 -0.146916941074324 0.9889412020605224 85.98178100585938 0.002778235851650601 0.9891322549448868 0.14700225723843843 -0.6169915199279785 -0.9997907631665237 0.005726661593549481 -0.01963759745724969 11.379181861877441
-0.06250889754730721 -0.13223743798482215 0.9892451150865647 87.24422454833984 0.011554670092041697 0.9910211526603583 0.1332049720498409 -0.6053969264030457 -0.9979775184474269 0.0197568968956445 -0.06041967972912904 10.980487823486328
-0.0809767757663567 -0.1236108105052061 0.9890212987154174 86.2125015258789 0.018472041771887285 0.9919234161130552 0.12548593642071565 -0.6057830452919006 -0.9965448035383369 0.028430689278528994 -0.07803941598887626 11.036555290222168
-0.09827272057543152 -0.11417085952453548 0.9885886339757969 90.71239471435547 0.02139271469764468 0.992925231153716 0.1167982752278702 -0.6160573959350586 -0.9949295573801035 0.032626678865139334 -0.09513503916887173 10.455938339233398
-0.13210974563710387 -0.09752576302753801 0.9864257400603437 93.93017578125 0.03494598922246155 0.994071238079127 0.10296189324743242 -0.6328720450401306 -0.9906188938966204 0.04807389280814035 -0.1279183641441215 10.22242259979248
-0.12520401243705703 -0.08988854053326183 0.9880506088002079 95.85371398925781 0.032614546963490046 0.9949760775754164 0.09465144678770204 -0.6173024773597717 -0.9915947996011414 0.044075563903812204 -0.121643323164625 10.141075134277344
-0.10580967676965586 -0.09235588039275545 0.9900882302394974 95.45333099365234 0.02610289245506353 0.9950764887978074 0.09561077579073755 -0.5991690754890442 -0.9940437371199421 0.03596071187707976 -0.10287796602729532 10.25373649597168
-0.13264569772506785 -0.0883158291989378 0.9872210660170975 97.18864440917969 0.0348516406619909 0.9949908840147079 0.09369367038812182 -0.6248218417167664 -0.9905505953853129 0.04683433612783042 -0.1289033084962059 9.951252937316895
-0.13639343689878408 -0.09008968468488367 0.986549886769197 97.49849700927734 0.03506151731906425 0.9947935190743589 0.09568983441796666 -0.6386656165122986 -0.9900341006118033 0.0476414013336211 -0.1325246260313398 9.940337181091309
-0.13634352782708342 -0.09730861963726604 0.9858709220602642 100.85413360595703 0.026456757663378405 0.9944515352985324 0.1018144582872844 -0.6330707669258118 -0.9903082764440609 0.03996469049901162 -0.13301256000736034 8.813237190246582
-0.15662693979879183 -0.09123789753658115 0.9834346179499529 101.00297546386719 0.03426292458174516 0.9946227219010182 0.09773276358169378 -0.6213964819908142 -0.9870633483867037 0.049002929823776104 -0.15265863598340834 8.263714790344238
-0.1798559651131939 -0.0847768086412164 0.9800330221629332 106.5049057006836 0.0358833309311572 0.9950508942029272 0.09266123519163892 -0.6081258654594421 -0.9830382588559241 0.05183252514170751 -0.17592376463385384 6.906059265136719
-0.19352529045279837 -0.0764213750230952 0.9781143774603965 107.80995178222656 0.04359441200647318 0.9953071307888888 0.08639006101745149 -0.5879265069961548 -0.9801262618647505 0.059358982811100844 -0.1892855566668032 6.402303695678711
-0.19621493774965948 -0.07431208127318553 0.9777409742773107 107.72942352294922 0.0464602560383635 0.9952996960897021 0.08497034525407172 -0.5839244723320007 -0.9794596177549879 0.06209854700871759 -0.19184010958780007 6.44114875793457
-0.18594058196238106 -0.0726338708218586 0.9798726553940185 109.41426086425781 0.038598917514924475 0.995954179230982 0.0811504555687612 -0.5821172595024109 -0.9818025379607487 0.05291118673565153 -0.18238471090543185 6.308494567871094
-0.16856760733972675 -0.07336449684082667 0.9829560582035454 114.06214904785156 0.022909747955069896 0.9966652736745124 0.07831650975333505 -0.5842491984367371 -0.9854238200918398 0.035720902208670316 -0.16632471837043272 5.5867414474487305
-0.15775614006131516 -0.07592467140159395 0.9845549474485997 115.98271942138672 0.016923473501630436 0.9966854701553527 0.07957178913310525 -0.5867111086845398 -0.9873330726343541 0.02921502787545711 -0.15594834346232073 5.5403218269348145
-0.1852266000732553 -0.07108078375570105 0.9801217418290328 118.91133117675781 0.024610282788344182 0.9967322270388393 0.07693634747811359 -0.5911514163017273 -0.9823876223804836 0.038371731298842526 -0.18287200340880327 4.717300891876221
-0.18984770689815178 -0.07237586100782421 0.9791422689930661 120.9007797241211 0.02418744718920604 0.9966317923512912 0.07835839376303141 -0.5968213677406311 -0.981515570729259 0.0385591132941231 -0.18745767308378747 4.395442962646484
-0.18450403463141474 -0.07675074333413757 0.9798303856292614 120.69857788085938 0.023675592336357017 0.9963098200971777 0.0824997497296349 -0.6215270757675171 -0.9825465523486674 0.038419601450133484 -0.18200606224013682 4.863183975219727
-0.2265195050533752 -0.047438974196697015 0.9728506861577162 125.45751953125 0.04590972732791479 0.9971830370319836 0.05931515482864546 -0.6215640902519226 -0.9729240519007898 0.05809934924622464 -0.2237034976260201 4.179806709289551
-0.22811463321545922 -0.04698020508684469 0.9725001668087131 126.67707061767578 0.046271692419400136 0.9971834438930577 0.05902634755959164 -0.6332371830940247 -0.9725341354387625 0.058464002219992546 -0.22529828195261448 4.0962677001953125
-0.21965070772071238 -0.052262406105873876 0.9741777083806703 126.23196411132812 0.041082926048294444 0.9971827405681564 0.06275966140994481 -0.6288154721260071 -0.974713167955117 0.0538072747963067 -0.2168848021275216 4.05499267578125
-0.227436749812306 -0.05516178913142578 0.9722292434681417 130.13006591796875 0.039092649467386546 0.9970722746629372 0.06571638955463674 -0.6082302927970886 -0.973007856901698 0.05295333906654843 -0.22461445699079263 2.779500722885132
-0.230624231830036 -0.0532099961671678 0.971586928689706 131.4379425048828 0.039085068168135825 0.9971912801124214 0.06388981385199413 -0.596701979637146 -0.9722575899107694 0.052709080580487025 -0.22789675663611764 2.3081064224243164
-0.23921660333255707 -0.05187752254239868 0.9695793620663018 133.38253784179688 0.04148291305944016 0.9971138605131531 0.063585510115584 -0.5845743417739868 -0.9700796795182016 0.05543168613184181 -0.23637416009040407 1.6746586561203003
-0.26326294884830037 -0.03456092545510477 0.9641048502084119 136.62477111816406 0.05668697650736144 0.9970771693020951 0.05122211583852482 -0.5620579123497009 -0.9630572186833716 0.06813707425629673 -0.2605343214504393 0.6976103782653809
-0.281404175386883 -0.02316590820379069 0.9593096636498154 140.36767578125 0.06870103229321362 0.9966567662369268 0.04422056621074161 -0.5063139796257019 -0.9571268767706166 0.07834941615127267 -0.27887185363904954 -0.9899532794952393
-0.2822894827575451 -0.018242989734864518 0.9591557961301238 142.39877319335938 0.06970491685439739 0.9967863661725009 0.039473595971771525 -0.48193544149398804 -0.9567935370239493 0.0780008560091153 -0.28011068164396385 -1.6224178075790405
-0.2501314703312571 -0.033316335276313294 0.9676385013803859 145.1744384765625 0.04019226209987477 0.9981890218435141 0.044757778523768596 -0.47284963726997375 -0.9673772943465324 0.050086909216321515 -0.24833942882260457 -2.122798204421997
-0.26587391254629794 -0.024023473796821942 0.9637084285892996 148.11090087890625 0.04803079468677722 0.9981177148715741 0.03813227007803145 -0.49067479372024536 -0.9628105241370601 0.056426057511407696 -0.26421959549707724 -2.587722063064575
-0.2752249316006294 -0.01647880382848704 0.961238620764798 148.90121459960938 0.055755389623744614 0.9978966005116543 0.03307130501187555 -0.49458906054496765 -0.959761727489346 0.06269628148196921 -0.27372724149233013 -2.8213250637054443
-0.2888666574831275 -0.005641025745308129 0.9573527213222232 150.3434295654297 0.06687239110831346 0.997421289127854 0.026054851793601477 -0.5101008415222168 -0.955030961541029 0.07154684355770385 -0.28774452501298303 -3.104367733001709
-0.3022456076140919 0.0002385645389903976 0.9532300539559948 150.4986572265625 0.0791146618356054 0.9965560941992054 0.02483588929476636 -0.517497181892395 -0.9499412944812042 0.0829210118207974 -0.30122357616559337 -3.296977996826172
-0.3086926277919274 0.004435744186982754 0.9511515051349195 151.9095916748047 0.08387993065409043 0.9962200744406683 0.022576990829041507 -0.5148637890815735 -0.9474560774940335 0.08675187291890182 -0.3078978625529628 -3.78330659866333
-0.30580875721585843 0.000260507515806363 0.9520929241129388 154.98617553710938 0.07464533019188906 0.9969284031418449 0.023703031232204286 -0.4995668828487396 -0.9491623036607786 0.07831788521714056 -0.3048888816675327 -4.833492755889893
-0.3239542638668003 0.014745241369228994 0.9459578282246428 161.82839965820312 0.08289252667388666 0.9964755805882937 0.012854816717572881 -0.5011218190193176 -0.9424343287169343 0.08257720719536706 -0.3240347834842348 -6.96864128112793
-0.3224777358374298 0.01796351137383717 0.9464065839523129 162.14060974121094 0.08331824646236614 0.9964779362707514 0.009475881595941232 -0.5036202669143677 -0.9429030595430269 0.08190869785746754 -0.32283863696852144 -6.770073890686035
-0.30623231221293395 0.007836422932823266 0.951924556586465 162.89991760253906 0.06477137926279328 0.997820293844949 0.012622583712338185 -0.47661325335502625 -0.9497507248668545 0.06552290948055889 -0.30607239167897354 -7.130459308624268
-0.3209783799835126 0.016378550268313894 0.94694488893191 164.60679626464844 0.07754386480708374 0.9969479470342815 0.009041014042223246 -0.4773569703102112 -0.9439066842723066 0.076331736487776 -0.32126879305469463 -7.816283226013184
-0.3416451055454422 0.034409404811654165 0.939198921803763 165.82608032226562 0.10187493696386082 0.994797025926156 0.0006119044726191139 -0.5096705555915833 -0.9342912388947316 0.09588988512341612 -0.3433729908649848 -7.939920902252197
-0.3574184754307714 0.048448953134964376 0.932686835095719 168.2758026123047 0.12039214920532999 0.992711556415327 -0.005431037578632565 -0.5252628922462463 -0.9261521278010781 0.11034701944132874 -0.36064632463114127 -8.607874870300293
-0.3615694881747696 0.04361831940934644 0.9313242976712998 174.5167236328125 0.10969070833859443 0.9939578545259058 -0.003966349762228448 -0.5067806243896484 -0.925870106292029 0.10072351085105774 -0.3641693570807741 -10.781922340393066
-0.35774513880475656 0.038824937631270956 0.9330118112218585 176.19644165039062 0.10094346825002498 0.9948885129969676 -0.002694981324345258 -0.5039814710617065 -0.9283473659569575 0.09321733167501788 -0.3598356530364495 -11.283697128295898
-0.3600943521074861 0.04398600473081278 0.9318783659727863 177.861572265625 0.10248447260702927 0.9947074510627475 -0.007349807800898278 -0.5103492736816406 -0.9272696427980096 0.09285643859244222 -0.36269641762385685 -11.657020568847656
-0.3601362607470676 0.0460478295932175 0.9317625615385466 178.05201721191406 0.10281446871071324 0.9946559720132583 -0.009417131309162378 -0.5004448890686035 -0.9272168347904678 0.09240722227247306 -0.3629460656255029 -11.873730659484863
-0.381294807173702 0.05802270244031407 0.9226308232570013 185.711669921875 0.11457388660191922 0.9932997018577728 -0.015117102837177522 -0.5145602822303772 -0.9173260568256523 0.09994532650795643 -0.38538790481528873 -14.354378700256348
-0.38238731108651974 0.05957957228719391 0.9220792909973067 186.67283630371094 0.11526825660613685 0.9931994518750129 -0.016373081999280226 -0.5258938670158386 -0.916784147626366 0.10002561352597843 -0.3866545012019756 -14.488496780395508
-0.37918479645011827 0.05841693290520153 0.9234751496878686 187.0150146484375 0.11186625045812612 0.9935792390714162 -0.016918560657007864 -0.5452536344528198 -0.9185340669509878 0.09689044140788212 -0.3832850247717272 -14.205628395080566
-0.3875397858486474 0.06777031065452607 0.9193585260268016 187.21327209472656 0.1242094825211727 0.9920386236690237 -0.02076953539902774 -0.5634880661964417 -0.9134467246841529 0.10614402546850202 -0.3928721509869782 -14.239323616027832
-0.3937411240916131 0.07142893607926275 0.9164419426726703 189.81314086914062 0.12811913222939095 0.991509511587982 -0.022234576392401777 -0.5668190121650696 -0.9102490951140029 0.1086590793313946 -0.3995494829467221 -15.177818298339844
-0.3995489115957451 0.07269269760274762 0.9138251687045454 192.07205200195312 0.13128523178712953 0.9911127804013236 -0.021439319946246115 -0.5676863789558411 -0.9072622857571316 0.11140569213641341 -0.40554151033198993 -16.080459594726562
-0.41364588275485 0.09151377177909456 0.9058268671521752 193.48098754882812 0.1529785141678372 0.9877760138448919 -0.029935274772358286 -0.6088889241218567 -0.8974935419728443 0.12618944507152552 -0.4225891220435976 -16.358152389526367
-0.41575377855519974 0.09557469030918879 0.9044414155650863 194.63119506835938 0.15464481528325175 0.9874102901755326 -0.03325507422153812 -0.6205031871795654 -0.8962331040098236 0.1260412528808474 -0.4252996894533823 -16.49477195739746
-0.42269788230469896 0.09662952953870102 0.9011044525005145 198.33082580566406 0.15632426447196873 0.9871699966110545 -0.032528789221679795 -0.6094545125961304 -0.8926865209200936 0.12711464043161907 -0.43238020717363956 -18.196491241455078
-0.4299031719789964 0.10671772174968663 0.8965459221852239 200.62380981445312 0.16596514128324164 0.9854102047591834 -0.03771339596612317 -0.6382279396057129 -0.8874901884535009 0.13258226209044863 -0.4413423944940579 -18.586776733398438
-0.4390050748334505 0.10951703149106254 0.8917850436533804 204.87550354003906 0.16958503587729887 0.9848034572874155 -0.037457524227429935 -0.636409342288971 -0.8823352310074507 0.13478935539625844 -0.45090616517728976 -20.226530075073242
-0.44994842990467526 0.11622813922048524 0.885458881077863 208.39178466796875 0.18348924620499485 0.9823729320776793 -0.035708806311978876 -0.6307842135429382 -0.8740012053501072 0.1464050613006502 -0.46334377202258 -22.155479431152344
-0.44661111709877227 0.11236277303535264 0.8876447021864056 208.29177856445312 0.1763283354305254 0.9836801234443735 -0.03580129697039554 -0.6249921321868896 -0.8771811832273233 0.1405276555567201 -0.45913521953303155 -21.840002059936523
-0.4514169108004258 0.1173690448312824 0.8845605010166303 208.24261474609375 0.18818684579187278 0.9815376275852163 -0.03419936703055176 -0.6226688027381897 -0.8722433626656642 0.1510244779821368 -0.46516999401930126 -22.32696533203125
-0.4565484003483227 0.12686764843148635 0.8806066987712803 213.86761474609375 0.19167695392642936 0.9805635383298075 -0.04189382569799388 -0.6526114344596863 -0.8688057915742006 0.1496654505207972 -0.47199231926752133 -23.980823516845703
-0.45795073325999625 0.1279927792211871 0.8797152802889515 214.8816680908203 0.1930606646973533 0.9802821953613557 -0.04212359438767472 -0.6524283289909363 -0.8677607421710481 0.1505478858196211 -0.47363132120035567 -24.38892364501953
-0.4559209577712511 0.12726789952713954 0.8808739762388799 215.197509765625 0.19173287525947616 0.9805295790650255 -0.04242934271583521 -0.6557267308235168 -0.8691228824566058 0.14954807363691972 -0.4714454251149407 -24.254497528076172
-0.4571459775607332 0.13030951904579696 0.8797937169848936 214.30369567871094 0.1996243666307661 0.9790026867862978 -0.04127773628090733 -0.6502000689506531 -0.8666992947079785 0.1567583124152073 -0.4735600954909834 -24.1163330078125
-0.4648183012253928 0.13182710308903822 0.875537298884001 218.94244384765625 0.203467322362959 0.9782935171469909 -0.039279040703896394 -0.6494909524917603 -0.8617105056667164 0.1598856128590772 -0.4815512384204712 -26.199003219604492
-0.4731924977265684 0.1356317966749156 0.8704555564909823 222.68919372558594 0.2116259418391233 0.9766450007772887 -0.03713493230684041 -0.64670330286026 -0.8551627452339089 0.16663900560032152 -0.4908442940246331 -28.120176315307617
-0.47714263814353636 0.1366123145719737 0.868142832932873 225.64537048339844 0.21062893900745977 0.9768291435439487 -0.03795094696825281 -0.6430480480194092 -0.8532117866731671 0.16474798885110387 -0.4948613414396991 -29.463972091674805
-0.47932649889659945 0.13630601021176547 0.8669871850469755 226.77230834960938 0.21136975769535277 0.9767169671746754 -0.03669865889800432 -0.6397117376327515 -0.8518033417329003 0.16566423154457421 -0.49697729263962315 -30.062557220458984
-0.47822409002343114 0.13949598117743586 0.8670885715753643 227.94570922851562 0.21074105164403387 0.9766860037322513 -0.040898157238332296 -0.6712591648101807 -0.8525784004261591 0.16317267341337874 -0.4964723051469264 -30.04845428466797
-0.47686601830897574 0.13620899710411494 0.8683581690120932 228.56008911132812 0.2044716053355728 0.9780083868066087 -0.041121259069108025 -0.6557568907737732 -0.8548626575033194 0.1579452577440239 -0.4942298375882788 -30.34653663635254
-0.4842184817495505 0.14135639602108707 0.8634528540899554 231.28298950195312 0.21411910440539988 0.9760002647983999 -0.03970506569800572 -0.6372293829917908 -0.848342779223581 0.1656558251839732 -0.5028644713258505 -32.14124298095703
-0.48613095849733323 0.1411593020282726 0.8624098460948568 232.35235595703125 0.21391875943034977 0.9760654617145084 -0.03917880564569862 -0.6165717840194702 -0.8472989174749628 0.16543961405580648 -0.5046922612313582 -32.88254165649414
-0.4899842762446946 0.14476828865871183 0.859626402358484 234.648193359375 0.22352425720404218 0.9740100802692622 -0.0366233528673439 -0.6375110745429993 -0.8425866812823138 0.17420248601180371 -0.5096088484249104 -33.64097595214844
-0.4970493148537428 0.15338191353080546 0.8540585268030835 234.65545654296875 0.2510217982738335 0.9675856043287975 -0.02767950662577831 -0.6416589021682739 -0.8306202714807746 0.2006292274253783 -0.5194399654511578 -34.45124435424805
-0.49979793029113917 0.15103331904919534 0.8528721858600368 237.085693359375 0.24950535285362538 0.9680450942003996 -0.02521456904106857 -0.6401821374893188 -0.8294269755524479 0.2001939862521422 -0.5215105560718744 -35.48030090332031
-0.504038393921743 0.155322930128578 0.849599955760982 238.94471740722656 0.2584165863521916 0.9657537887474561 -0.02324838527756387 -0.6338953971862793 -0.8241153835179088 0.20783264155614883 -0.5269150099901532 -36.8331184387207
-0.5027358635989722 0.14988839711195107 0.85134606351507 241.52337646484375 0.24038489335255137 0.9702482123090655 -0.028870565615254126 -0.6307248473167419 -0.8303443589856427 0.19013646394700895 -0.5238094792750981 -37.57990646362305
-0.5012162955297794 0.14141440479047007 0.8536885797603022 245.50125122070312 0.21589690739883005 0.9757928205420752 -0.03488404727325242 -0.629696249961853 -0.8379562938906933 0.16682427130456345 -0.5196141953725624 -38.764366149902344
-0.5022627049958209 0.1358959917805681 0.8539698206542528 249.60955810546875 0.20014428992477595 0.9790260670167407 -0.038081797649790486 -0.5928797125816345 -0.8412338785265296 0.1517901166733464 -0.518927087459793 -40.7056999206543
-0.5033648564157431 0.1280501633122609 0.854533192451447 252.47088623046875 0.18842150739118277 0.9814254735506096 -0.03607458133362036 -0.5554284453392029 -0.8432799990975672 0.14285375578424547 -0.5181424973695385 -42.35032653808594
-0.5086545064151358 0.13035152877790038 0.8510458695327994 255.19029235839844 0.19327298511630106 0.9805323195754054 -0.03466876825485345 -0.5684441328048706 -0.8389971074609306 0.14684975047080903 -0.5239456121190944 -43.734901428222656
-0.5099357709613822 0.13432027763764667 0.8496608573480162 254.28778076171875 0.20294623399064846 0.9786367279243894 -0.03290867463842566 -0.5760518312454224 -0.8359296235946143 0.15565416079498262 -0.5263016688403866 -43.52440643310547
-0.5167736190825287 0.13422943918802627 0.8455338457303841 257.55877685546875 0.20426207337808577 0.9784413653047879 -0.030487703091372095 -0.556178629398346 -0.831397637715931 0.15695525577619285 -0.5330506689655299 -45.57262420654297
-0.5220783783828502 0.13439089960299777 0.8422429892430273 260.9647521972656 0.2011981247174977 0.9790438497489737 -0.03150325187771792 -0.5397685170173645 -0.8288265689728435 0.15301054333805125 -0.5381768224218677 -47.328365325927734
-0.5211741681497296 0.12255861587335229 0.844604565538599 266.0340881347656 0.1808462225773371 0.9830211163058568 -0.03105042151558255 -0.5067562460899353 -0.8340696195360107 0.13656086764514636 -0.534489475289326 -49.8250732421875
-0.518215144633158 0.11366255247301373 0.847663782426827 268.2112121582031 0.1679411955417524 0.9853568482647383 -0.029455668686841532 -0.46542540192604065 -0.8385993195280107 0.1270932954293872 -0.529715466589429 -51.109710693359375
-0.5028460602392469 0.08468383475541036 0.8602176979305799 269.1579284667969 0.1310457519729015 0.991154509757754 -0.020970185424153097 -0.43052753806114197 -0.8543844863945768 0.1021830999626892 -0.5094955971255203 -51.220909118652344
