0.9977495573955006 -0.0033107417348794436 -0.06696909515775122 -0.3689979612827301 0.0013667223331230664 0.999576920213994 -0.02905361673821933 -0.12395875155925751 0.06703695090878727 0.028896705083315696 0.9973319545909382 0.8856678009033203
0.9998489095362252 0.003318410770351224 -0.01706300821017036 0.013157065957784653 -0.0030514775325619606 0.9998729331096942 0.015646281330884113 -0.11329708248376846 0.01711276085526218 -0.015591849940790225 0.9997319879004244 1.7912044525146484
0.9999603262466173 0.00865844336282049 0.0020921977180027207 0.10710783302783966 -0.00871017712177909 0.9996205495439868 0.0261321591891088 -0.11204596608877182 -0.0018651400123374472 -0.026149345840967363 0.9996563074201171 2.0312511920928955
0.995645309061301 -0.09232002065222941 0.012939564559866007 0.2745928168296814 0.09286769804610126 0.9943527409550648 -0.051363578679532264 -0.15558284521102905 -0.00812460484240095 0.05234157374327101 0.998596189885698 2.4317221641540527
0.9973327198725228 -0.06220626654426251 0.038181491252968734 0.45452502369880676 0.06318851833054123 0.9976864004540101 -0.02508101872555869 -0.14561718702316284 -0.0365329580360969 0.027426752482660733 0.9989560131584314 2.752622127532959
0.9851955939538946 0.011249822610294119 0.17106455841310342 1.7043516635894775 -0.01856256913345362 0.9989780939543745 0.041209208029888686 -0.20566287636756897 -0.17042615022642188 -0.043774527873202726 0.9843976422302521 4.7952141761779785
0.9596114685139762 0.020899704701867375 0.2805512998362775 2.744262933731079 -0.036734949249731676 0.9980072694319071 0.05130334944902078 -0.2780226171016693 -0.27892001183147436 -0.059537320265892424 0.9584669709987333 6.38388729095459
0.9217009956653784 0.003081842574314944 0.3878888717607106 3.9046266078948975 -0.023023824724147955 0.9986400853533838 0.04677481609218601 -0.373776376247406 -0.3872172233831051 -0.052043079960098916 0.9205185167848309 8.21329402923584
0.9738216008288011 -0.06519756947052122 0.21776309764137666 2.438072681427002 0.06916436744212018 0.9975485838536887 -0.010635465567219594 -0.3404901921749115 -0.2165358631625777 0.025418493004831844 0.975943707484095 6.100311279296875
0.9718871293454537 -0.06532449355011141 0.22620370986143123 2.541799783706665 0.06859532118606765 0.997622595399582 -0.006621107126619468 -0.3550207018852234 -0.2252334116511876 0.021951484929803852 0.9740575150294479 6.305428981781006
0.9291223816203593 -0.06532500523158034 0.36395637604472036 3.8003149032592773 0.06921953593964784 0.9975986872521627 0.002348411604028407 -0.45454075932502747 -0.36323581295958646 0.023010929669531742 0.9314130347484582 8.136106491088867
0.9329796867566608 -0.056675877199148635 0.35543881195383054 3.662811040878296 0.060157679028206255 0.9981880935069992 0.0012584255249240145 -0.43410852551460266 -0.35486611243310173 0.020208288511635305 0.9346987040335768 7.839529991149902
0.886848454428333 -0.06776049246079376 0.45706491282918243 4.578908920288086 0.08403540365600141 0.9963446030810702 -0.01534545025725877 -0.5008900761604309 -0.4543543438886111 0.05201872328975224 0.88930095165633 9.014342308044434
0.8743033069898402 -0.0790399809073102 0.4789012516216695 4.7786126136779785 0.10261517034661587 0.9944503044470019 -0.023210316671699482 -0.5327211022377014 -0.4744089524886357 0.06943539013671343 0.8775618909200639 9.306724548339844
0.8462896991871385 -0.08728935751885884 0.5255228949472017 5.3278093338012695 0.11327661154516856 0.9934109001721793 -0.017412429352212426 -0.58428555727005 -0.5205402523595921 0.07426541242762774 0.8506012545196291 10.22950553894043
0.7742328238836367 -0.10202685710339648 0.6246231302559753 6.381882667541504 0.15350014294272962 0.9877250423793624 -0.028930032375523183 -0.660356342792511 -0.6140042675240389 0.11827832044077377 0.7803902859313272 11.74532413482666
0.6671548116284849 -0.11931334394529652 0.7353018314118036 7.7640299797058105 0.20241346269435723 0.9789860990641728 -0.02479935400759664 -0.7638726830482483 -0.716891377714254 0.16537999817301188 0.6772859136016737 13.932047843933105
0.7211706928492018 -0.12362893043843239 0.6816367942930105 7.050746440887451 0.20241678882751818 0.9786128567073983 -0.03666497358162572 -0.7181002497673035 -0.6625256790315063 0.16441643544863344 0.730771483008339 12.80940055847168
0.5937942543136715 -0.11519970643296173 0.7963274522342118 8.575846672058105 0.21205781380787941 0.9771131983627104 -0.016771439664436602 -0.8286232948303223 -0.7761699988707976 0.17882624310529627 0.6046332008993154 15.114701271057129
0.6229974577241443 -0.12358969213609011 0.7723987025280142 8.3013916015625 0.22916429218597423 0.9729509253476883 -0.02915860168078578 -0.8241660594940186 -0.747902329757138 0.19517193666811772 0.634468297301813 14.712350845336914
0.49800818332704266 -0.11296058602868742 0.859783551449639 10.077634811401367 0.2389090534048533 0.970981752893854 -0.010812018700298437 -0.9350101947784424 -0.8336128079273348 0.2107945482009299 0.5105441654825469 17.234766006469727
0.48877052395532966 -0.10837751220804681 0.8656544863627907 10.137812614440918 0.2281828824064937 0.9735935064549228 -0.006946680176328032 -0.9298973083496094 -0.8420427228407693 0.20092286837590834 0.5005937013931564 17.27977180480957
0.5579932698827339 -0.12314259697536611 0.8206579138567646 9.1825590133667 0.2282833101119734 0.9735519111610558 -0.009132721334652288 -0.8737381100654602 -0.7978284534220969 0.1924385020852594 0.5713468139626636 16.110267639160156
0.6430099929151534 -0.1264126822561087 0.7553528862565305 8.218361854553223 0.21819133253172568 0.9756475311709538 -0.022459682278543017 -0.8027938008308411 -0.7341189899595876 0.1792532529267999 0.6549332636962917 14.672629356384277
0.5352221956022924 -0.1308961348914336 0.8345078808526285 9.699514389038086 0.23786486365644344 0.9712982366232378 -0.00020535406067059836 -0.9252309799194336 -0.8105291530675272 0.198610013350466 0.5509959660692307 17.045909881591797
0.46378561951764097 -0.11868013821304216 0.8779623704478291 10.6959867477417 0.2301023874350511 0.9731151430843764 0.009990475292159323 -0.9743930697441101 -0.8555441487295249 0.19738779874553244 0.4786253926413282 18.318832397460938
0.35005298340459234 -0.08427690780255162 0.932931032617516 13.211566925048828 0.22164390303773254 0.9751152479356139 0.004922752245093781 -0.9892997145652771 -0.9101301495147518 0.20505525122441165 0.360021464484479 19.37572479248047
0.33132150108034547 -0.0850662439148731 0.939675367916006 13.710426330566406 0.21899173242175213 0.9756634662378212 0.01110953553120049 -1.0074206590652466 -0.9177519730585088 0.2021003087454708 0.34188708830869746 19.787120819091797
0.31625634827696525 -0.08434494190882139 0.9449168497539434 14.323498725891113 0.22523490054983894 0.9742356995797297 0.011577618006265333 -1.0089976787567139 -0.9215482416828883 0.20916675748978944 0.32710564931285513 19.97526741027832
0.30589509862115616 -0.08217474026195402 0.9485122564850882 14.666772842407227 0.22131846875253486 0.975113540099018 0.013104171266981171 -1.003488302230835 -0.9259839761186942 0.20591477843622957 0.31646924020032663 19.959569931030273
0.2946083581269676 -0.08139360869156316 0.9521454698657642 14.693172454833984 0.21201099579462473 0.9771028286016149 0.017927632328186227 -1.0026499032974243 -0.9318032265365385 0.19658367888227066 0.3051190000855539 20.141786575317383
0.27602462613901096 -0.06516826257085885 0.9589387380423812 15.502241134643555 0.1984348521956244 0.9800681743624551 0.009485938854151901 -0.9658642411231995 -0.9404435204726117 0.18766851402230372 0.2834546059702337 19.729080200195312
0.2392371101207384 -0.05452144272359441 0.9694292224935328 15.910480499267578 0.18213544011589267 0.9832189849833601 0.010349348872339029 -0.9465764760971069 -0.953725477585069 0.17409146978421752 0.24515275554947996 19.721229553222656
0.20144315477782915 -0.051765994207400017 0.9781313496851408 16.800424575805664 0.16703071822807408 0.9857915082020002 0.01777193081912222 -0.9356768727302551 -0.96515356009361 0.15979794804860725 0.20722746255765745 19.96131706237793
0.1889473704595518 -0.051919323628754586 0.9806137236600116 17.19754981994629 0.16412956085345873 0.9862238492316162 0.020591417164085246 -0.9323057532310486 -0.9681737336090419 0.15705700570400305 0.19486589878380745 20.163076400756836
0.15193489782422587 -0.053523709754577986 0.9869402207414841 20.200157165527344 0.1681957519779351 0.9853686788599421 0.027545521203797455 -0.8971638679504395 -0.9739743199077266 0.16181402663526917 0.15871435015259783 20.060821533203125
0.11975151695614061 -0.05476745069918724 0.9912921368247686 20.889862060546875 0.14909650495674695 0.9881457239322763 0.0365822427420856 -0.8974876999855042 -0.9815446023469266 0.14341741392965582 0.12649758489925356 20.54408073425293
0.09373879515507011 -0.057390712120934974 0.9939413184112673 21.415771484375 0.12419174828631718 0.9912135385794126 0.045520661182234974 -0.9016004204750061 -0.9878205545241829 0.11917225809361745 0.1000426157215234 20.999370574951172
0.11105851719958476 -0.06200376338428066 0.9918777843482612 19.686695098876953 0.11859143148855883 0.9917473014516116 0.048717167825530004 -0.9383413195610046 -0.9867127637437979 0.11221774988669364 0.11749509979332534 21.36564826965332
0.11108843456710848 -0.06389072530693857 0.9917546747685049 19.392906188964844 0.11610234970280695 0.99193231023564 0.05089731136389844 -0.9381971955299377 -0.9870053718693312 0.10949094542627633 0.11761007087296482 21.454771041870117
0.06449283969754382 -0.06710139410781055 0.9956596188138473 21.25225830078125 0.08878095995742538 0.9941661695779346 0.061250048292030776 -0.9013311266899109 -0.9939610730691548 0.08444542720317282 0.07007392559068382 21.684968948364258
0.05352895205939201 -0.0685668225873273 0.9962094368814732 22.60651206970215 0.09668387860956193 0.9933083696505552 0.06317206977112505 -0.8522354960441589 -0.9938746796797046 0.09293585757087724 0.059800062450893976 21.447895050048828
0.03139497287125809 -0.06974708355601311 0.9970705591952074 24.349199295043945 0.08206506117577392 0.9943740482441061 0.06697445716722564 -0.8190569281578064 -0.996132361392114 0.07972199517108552 0.036942144947362754 21.532182693481445
0.001482442835904263 -0.07745380255540527 0.9969948399229291 28.418476104736328 0.03323315572037683 0.9964490355862211 0.07736198575628471 -0.7586502432823181 -0.9994465266957027 0.03301860004601513 0.004051213015607624 21.93202781677246
-0.0022967816824895904 -0.08384956214509962 0.9964757777898962 29.219058990478516 0.01766580468772077 0.9963195001654632 0.08387712998653007 -0.7751671671867371 -0.9998413094779784 0.0177961939222138 -0.000807058389880988 22.192298889160156
0.020765775148519294 -0.10654175957618182 0.9940913620230749 30.708173751831055 -0.04990292122549343 0.9929559450489797 0.10746250343747779 -0.7782676815986633 -0.9985381720473401 -0.051839605113260634 0.015302754851917011 23.203960418701172
0.060494209299234825 -0.12928491403083525 0.9897605072164173 33.72412109375 -0.06476927019322462 0.9889784095163396 0.13314145541178443 -0.7572677731513977 -0.9960649538458308 -0.07216035278856842 0.051453777368934805 23.7642765045166
0.060937447795403776 -0.13086146481771263 0.989526100960427 34.786312103271484 -0.056875790286863855 0.9893024825242689 0.13433444290487642 -0.7548708319664001 -0.9965198301767142 -0.06446607710324387 0.05284271915308203 23.657499313354492
0.04785799433464477 -0.1329420614440521 0.9899676866833942 36.3038330078125 -0.04129519042858376 0.9899926426716683 0.13494174559206498 -0.7450346350669861 -0.9980001601331194 -0.047338945435787434 0.041889194541020136 22.983572006225586
0.04346586035504868 -0.13222349351086865 0.9902664624975323 37.58935546875 -0.036000922294583494 0.9903521819633425 0.13381513096203052 -0.7358659505844116 -0.9984060559599658 -0.0414668957630939 0.03828634192813324 22.511493682861328
0.017888988361219882 -0.13025590169896595 0.9913190123103669 39.14027786254883 -0.014926384794319868 0.9913323869016573 0.13052701527589886 -0.7150343656539917 -0.9997285567254662 -0.017131805288764963 0.015789683820894185 21.469898223876953
0.008943410088967874 -0.12672365030993732 0.9918977426469452 39.4140510559082 -0.007628044167624151 0.9918999057316462 0.1267927046471055 -0.712918758392334 -0.9999309117924885 -0.008700198944626036 0.007904314022519954 21.262035369873047
0.00478946461648333 -0.12589906929032757 0.9920314941474977 40.08088302612305 -0.00406923640773111 0.992032204987504 0.12591880551644705 -0.7150507569313049 -0.9999802509768607 -0.004639894337171761 0.004238990067743975 21.089473724365234
0.005590565497859579 -0.12780967069403631 0.9917829569288314 41.21097946166992 -0.004573341654752552 0.9917848158737792 0.12783568965012576 -0.7165301442146301 -0.9999739147215407 -0.0052504361053493515 0.004960120682059699 20.875404357910156
0.014075991888377215 -0.12935113590034092 0.9914989410451479 43.18910598754883 -0.010782968594652893 0.9915198825139027 0.12950695026871428 -0.7181565761566162 -0.9998427846619912 -0.01251424072439232 0.012561836587334396 20.75410270690918
0.017023835301267276 -0.1286496269739527 0.9915439791109106 42.99709701538086 -0.012988941953381468 0.9915755521569749 0.1288767308381228 -0.717528760433197 -0.9997707119227723 -0.015073083428850456 0.015209396351594684 20.75833511352539
0.019799993566733676 -0.12921546062651648 0.9914188443790217 44.20503234863281 -0.014523768054187654 0.9914714342984202 0.12951237443480848 -0.7121148705482483 -0.9996984647463782 -0.016963481520933278 0.017754432641554296 20.50433921813965
0.013104360389165237 -0.1287109225983275 0.9915955698482516 44.850730895996094 -0.009594453626874132 0.9916188830747108 0.12884074351409636 -0.7042648196220398 -0.9998681024007082 -0.0112021932473396 0.01175962023437066 20.170881271362305
0.011768558019774056 -0.13235396474747135 0.9911326495771192 46.862030029296875 -0.008012430828642121 0.9911569881056106 0.13245235325063473 -0.7078256011009216 -0.9998986458608451 -0.009500155000831172 0.010604011533789759 19.644424438476562
0.003053627101568146 -0.13203998827970978 0.9912396868853762 47.08860778808594 -0.002112782413521086 0.9912412441040546 0.1320467043796216 -0.6973108649253845 -0.9999931057322334 -0.0024974951732019413 0.002747909362069423 19.33597183227539
0.005486003882673507 -0.13425144686582563 0.9909321131015139 48.628387451171875 -0.0035397268098426304 0.9909382096776321 0.1342718694850138 -0.6904593110084534 -0.9999786868206295 -0.004244244964808061 0.00496107742004992 19.01045799255371
0.011255018650412951 -0.1378857687038645 0.9903841877494427 49.167606353759766 -0.0068934032402570705 0.9904126873243568 0.13796807521565754 -0.6830850839614868 -0.9999128989801792 -0.008379950828645177 0.010196611062672722 18.82082748413086
0.013151728848885713 -0.13963855035201111 0.9901151989964977 49.800968170166016 -0.00779532640991891 0.9901564292269266 0.13974791070618944 -0.6802626848220825 -0.9998831256274147 -0.009556197788405635 0.011933740795771586 18.69698715209961
0.026974760022285493 -0.14229050414329725 0.9894573132542839 53.345767974853516 -0.013663774493434033 0.9896725393989365 0.14269395931942153 -0.6763638854026794 -0.99954272724498 -0.017368856908456812 0.024751953889761147 18.40880012512207
0.024194154477036822 -0.1434897162700283 0.9893560250050981 53.0697021484375 -0.012604191814527071 0.9895232734626085 0.14382220143130472 -0.6875337958335876 -0.9996278193597077 -0.015949689670678807 0.022132107029498027 18.50288963317871
0.0033671015574268104 -0.13891737254300346 0.9902982511510613 54.92919158935547 -0.0017662006661627455 0.9903014941135471 0.1389238326986526 -0.6758644580841064 -0.9999927715550293 -0.002216836084326143 0.0030890897472247714 17.78010368347168
-0.005871053046879682 -0.13784447500831964 0.9904364853163482 57.65201187133789 0.0028848244588898786 0.990447099286498 0.1378630527110244 -0.6737993359565735 -0.999978604033087 0.003666636693488712 -0.005417310347012261 17.137250900268555
0.020958971568325047 -0.1403623913525609 0.9898783362639009 64.23562622070312 -0.007353914508248863 0.990047396070771 0.14054207012453954 -0.6503202319145203 -0.9997532902932619 -0.010225097910346093 0.0197181621993614 15.943812370300293
0.05046451484561354 -0.144033027946323 0.9882852926164643 69.18745422363281 -0.012281519094581486 0.9893817985486055 0.14481996060438534 -0.6184617877006531 -0.9986503377209293 -0.019445913744024337 0.04815972807786284 15.013524055480957
0.04055632226270467 -0.14446050620093492 0.9886790919568861 69.67830657958984 -0.010004954839956698 0.9893848736110434 0.14497404163611347 -0.6356809735298157 -0.9991271618783936 -0.015771303618559024 0.03868049093531711 14.900847434997559
0.0447305227870296 -0.14555081243279988 0.9883390821632784 70.3282699584961 -0.010559490465189877 0.9892051577999607 0.14615626207272528 -0.6366960406303406 -0.9989432804180202 -0.01697400312558875 0.04271072143593346 14.75936508178711
0.04062919999525977 -0.1471207541517056 0.9882837405348622 66.60913848876953 -0.011607528342095705 0.9889642044867044 0.1476992468828724 -0.6500062942504883 -0.9991068678542515 -0.01747243376904424 0.0384731161287169 15.516585350036621
0.04346865937598887 -0.14931829074793165 0.9878332469097053 67.39070129394531 -0.011846477843877046 0.9886212868089104 0.1499587017514793 -0.6422722339630127 -0.9989845527408066 -0.018220848399861517 0.04120514614511739 15.290714263916016
0.04296261946334934 -0.14839509208848814 0.9879944888373096 67.84947967529297 -0.011425566836484269 0.9887699195906992 0.1490083975320433 -0.6330128312110901 -0.9990113461574461 -0.017690188146301453 0.04078464774931845 15.141210556030273
0.041865912990789234 -0.14813533349739622 0.9880805474752871 72.61148834228516 -0.008382086090151578 0.9888607403593445 0.14860745879243992 -0.6257783770561218 -0.9990880771794973 -0.014503763152528534 0.04015787459752329 14.082722663879395
0.04137904711562351 -0.14820970164745423 0.9880899042077981 74.8435287475586 -0.006709648252061218 0.9888733900015978 0.1486082069304437 -0.615731418132782 -0.9991209912118434 -0.012779001694990341 0.03992420363066512 13.528298377990723
0.032425332004414886 -0.1488634969203374 0.9883259872780095 77.7538833618164 -0.004359153456939047 0.9888154927555389 0.14908024372048595 -0.6284570097923279 -0.9994646545153771 -0.009142241041961471 0.031413751816495084 13.103557586669922
0.022512762045432066 -0.14747029447917767 0.9888102385146053 80.78714752197266 -0.0024360470807366086 0.9890498825227463 0.14756149754039016 -0.609762966632843 -0.9997435877362287 -0.00573080517613038 0.021907000075935712 12.202067375183105
0.02565895635190807 -0.1479758755641421 0.9886580592955061 80.9460220336914 -0.0026156256534047018 0.9889703543173513 0.14809050200419382 -0.6087590456008911 -0.9996673328969854 -0.006385807109396388 0.02498889765854939 12.155725479125977
0.019338231867384315 -0.14544721818599482 0.9891770011025318 82.69788360595703 -0.0018281536697388745 0.9893552150050333 0.1455091625860842 -0.6191490888595581 -0.9998113275225493 -0.004622257489505524 0.018866480681293207 11.922101020812988
0.007169131924137484 -0.14238354349247062 0.9897855980413041 84.0173110961914 -0.0007414858208104474 0.989810005719684 0.14239242527598295 -0.6422873139381409 -0.9999740265358054 -0.001754742068391435 0.006990503132219383 11.973577499389648
-0.014930603244668939 -0.14100104063187768 0.9898968550447454 85.7121353149414 0.001685893773216901 0.9900022516215607 0.14104148165141073 -0.6614313721656799 -0.9998871110525106 0.003774695347624396 -0.014543618053871998 11.609128952026367
-0.0627200432644498 -0.12496342862783148 0.9901769224125971 88.7585220336914 0.008849105864901355 0.9920216382045407 0.12575675989532809 -0.6579124331474304 -0.9979919285737222 0.016649649832843304 -0.06111382545829047 10.882556915283203
-0.08112149464529378 -0.11606854375465309 0.9899229244022929 87.89746856689453 0.014830644239169459 0.9929457597406939 0.11763830245471613 -0.6563663482666016 -0.9965938767110527 0.02422418963867034 -0.07882787285208809 10.925857543945312
-0.08961126095255667 -0.10777154254716725 0.990128838347564 90.38227081298828 0.01646959655338487 0.993832126205812 0.10966520556039432 -0.6562525629997253 -0.9958406369996463 0.026134259856344252 -0.08728359617877535 10.612151145935059
-0.11911948605049355 -0.09434938424990763 0.988386939277695 94.71595001220703 0.024732115577565862 0.9948839468190904 0.0979502670783874 -0.6779680252075195 -0.9925718465189936 0.03611268549045861 -0.11617660454903572 10.299335479736328
-0.12455583606112286 -0.08155403442213237 0.9888552892979783 96.67130279541016 0.02779164420197801 0.9959385592238831 0.08563883910706938 -0.6652587056159973 -0.991823304936754 0.03814873157169846 -0.12178343920174506 10.189433097839355
-0.10808580641419296 -0.0844284970301302 0.9905499923482043 95.83888244628906 0.02330394551896479 0.9958982925722142 0.08742720958030367 -0.6546459197998047 -0.9938683939913994 0.03253336350552332 -0.10567495296414742 10.412629127502441
-0.13320949747746852 -0.0801875491303185 0.9878386440842821 97.95428466796875 0.03028009061294413 0.9959269342428976 0.0849273675679107 -0.6754022240638733 -0.9906252297888805 0.041224975609645574 -0.13023884018107618 9.980392456054688
-0.13324499094193326 -0.08315140332338977 0.9875887891801093 99.02454376220703 0.027439688993195252 0.9957827110496735 0.08754345116865264 -0.6830208897590637 -0.9907032027084802 0.03876385558626119 -0.13040140966740615 9.742984771728516
-0.13353847031659272 -0.09010800966874996 0.9869387131625961 102.17863464355469 0.019376694649881655 0.9954302316265327 0.0935050676080866 -0.6744792461395264 -0.9908541873807416 0.031610133778332224 -0.13118223504943893 8.513572692871094
-0.15539073105574652 -0.08489321948488408 0.9841985886940973 101.7935791015625 0.027263740255243692 0.9955524980674504 0.09017711494029224 -0.6554397940635681 -0.987476789180007 0.040845622496803353 -0.15238512379360825 7.88999080657959
-0.17398721767194264 -0.07851367512196157 0.9816129842792519 107.8687973022461 0.026622436646190597 0.9960771508198887 0.08438930904772368 -0.6404018998146057 -0.9843879793830254 0.04081559056752362 -0.17121446671595436 6.494948387145996
-0.18687542749729658 -0.07076439999905132 0.9798316050681753 108.43841552734375 0.03395255971386335 0.9963411105821907 0.07843223223091043 -0.6298511624336243 -0.981796719431563 0.04792484800832642 -0.18378903845659456 6.337138652801514
-0.19716029216655334 -0.06420146496719971 0.9782668302098692 110.4190902709961 0.037931575541626295 0.9966067028298269 0.07304981486349627 -0.6135169863700867 -0.979637185273063 0.05150972501117251 -0.19405600598678768 5.686382293701172
-0.17244805045222872 -0.06512616144948784 0.9828632931339336 112.74898529052734 0.022707504859338618 0.9972838854298791 0.0700658339345695 -0.6231482625007629 -0.9847568426359314 0.034401089470230475 -0.17050080916222216 5.779382705688477
-0.16938821140710614 -0.06506528918476691 0.983399279021296 115.41295623779297 0.01755308433021036 0.9974609006106065 0.069019134908914 -0.6235767602920532 -0.9853930804845337 0.028952718290015566 -0.16781602139492202 5.2064595222473145
-0.16142112113021084 -0.06735780691304889 0.9845842510932875 117.69559478759766 0.012333739141402001 0.9974524430913141 0.07026024942996156 -0.6287794709205627 -0.9868085429969976 0.023485093549589914 -0.1601791180182653 5.078096866607666
-0.18191001959935554 -0.06291150344816236 0.9813006101614601 120.20767211914062 0.016838723331651737 0.9976056113007321 0.06707832509725084 -0.6358927488327026 -0.9831709933505575 0.028726068912822707 -0.18041510690320145 4.48745059967041
-0.18617542064690934 -0.06429157653268133 0.9804107842806956 122.21721649169922 0.016309777901323954 0.9975170693727082 0.06851049156802982 -0.6505194902420044 -0.9823811398290155 0.028745251730085457 -0.184664578658762 4.309314250946045
-0.18152376229847877 -0.06751333034906683 0.9810662943686238 121.8055419921875 0.016450343673476964 0.9972924671583537 0.07167371304898758 -0.6672077775001526 -0.9832489562232091 0.02914935975938218 -0.17992166326373338 4.720768451690674
-0.22054608223881672 -0.04315693532305072 0.97442131777924 126.76538848876953 0.033768700754694014 0.9980838941292882 0.05184800024162135 -0.6640828251838684 -0.974791824164754 0.04433981521428858 -0.21866613896146275 3.9040088653564453
-0.2197402419629348 -0.04387781233313586 0.9745711691030721 127.82444763183594 0.03267385085830032 0.9980965395390655 0.052304084259566376 -0.6757897734642029 -0.9750111002097157 0.04333630516092 -0.21788831800452074 3.8794798851013184
-0.21854323231340989 -0.04433937686365942 0.9748194064899147 127.45775604248047 0.03236624797803725 0.9980881694822602 0.052653888093622564 -0.6723623275756836 -0.9752903575868221 0.04305839754210451 -0.21669031542566664 3.832571029663086
-0.22122327576393314 -0.049678681222127485 0.9739570272308241 130.65188598632812 0.028423172328478546 0.9979489629420311 0.0573584399867151 -0.6524816751480103 -0.9748088969306034 0.04037197041208448 -0.2193575129098279 2.756866216659546
-0.2211354063304456 -0.048723768765919745 0.9740252185771751 132.2547149658203 0.02607210813961192 0.9980988592241935 0.05584722367781514 -0.6408364176750183 -0.9748945467301707 0.03774468932987418 -0.2194446654242619 2.269542694091797
-0.23283935467085165 -0.04584914956685886 0.9714338322296879 134.85630798339844 0.028659446670775635 0.9981307344571095 0.05397844985395937 -0.624267578125 -0.9720928304606441 0.04040906353910277 -0.23109010483122489 1.415420651435852
-0.24851830294424382 -0.03218877477879521 0.9680922145539408 136.5688018798828 0.03810761339582626 0.9983490142502213 0.04297738413265632 -0.6126922965049744 -0.9678772974416683 0.047572350413361476 -0.246881365382568 1.0502625703811646
-0.2752753160122058 -0.016889366616173466 0.9612170668947183 141.07369995117188 0.0536869859817867 0.9980153195972713 0.032910931092092185 -0.5523599982261658 -0.9598652030001776 0.060664414152462445 -0.27382224329839755 -0.9094371795654297
-0.2751654915106741 -0.014682762878710402 0.9612847490499039 142.98646545410156 0.05268483183115576 0.9981505877671382 0.03032676433514713 -0.5246054530143738 -0.959952217965359 0.05899000435975809 -0.2738830381915312 -1.63539719581604
-0.24073532643507256 -0.028578947679961667 0.9701699574588492 145.3954620361328 0.025785974957516607 0.9990252647060177 0.035827419312055776 -0.5235535502433777 -0.97024820850218 0.0336417037109828 -0.2397637371867004 -1.9302294254302979
-0.26198772301597606 -0.016395672298041217 0.9649319224270693 148.98983764648438 0.03602310000121342 0.9989927454504045 0.02675501455365242 -0.5274736285209656 -0.9643986568091055 0.04176932447812412 -0.26113321174725057 -2.7023818492889404
-0.2699388112809797 -0.011870977802578246 0.9628042989363008 149.60267639160156 0.04223788315219022 0.9988154963280298 0.024157100856949075 -0.5287851691246033 -0.9619506221168699 0.04718775456621748 -0.2691176627944826 -2.924609899520874
-0.2866614702514352 -0.0020969558648339173 0.9580296468530536 151.46498107910156 0.05519588460751313 0.9983004027977496 0.018700804695117215 -0.5391998887062073 -0.9564405971076717 0.05824009400706494 -0.2860585178846604 -3.387183904647827
-0.30257664438136966 0.006296808927415385 0.9531042568744733 152.81040954589844 0.06817271621886185 0.9975599837404135 0.015051896995678857 -0.5459165573120117 -0.9506838880712415 0.0695300585154192 -0.3022676230174012 -3.9041190147399902
-0.3103141667261366 0.01087442492078091 0.950571861992404 154.3686065673828 0.07347765558036251 0.9972175337358731 0.012578733646766347 -0.5453526377677917 -0.9477901413601415 0.07374915112992805 -0.3102497552749041 -4.437713146209717
-0.3060954159968415 0.007804234356999666 0.9519688494020283 156.94004821777344 0.06451708153101127 0.997837501398958 0.012564513225963025 -0.5329226851463318 -0.9498121616911638 0.06526419177455262 -0.3059369915122608 -5.282098293304443
-0.3228787291370986 0.0206065454032118 0.9462159883226228 163.59304809570312 0.07118851968080626 0.9974595699245675 0.0025692472735331165 -0.5435375571250916 -0.9437592494574386 0.0681892708015159 -0.3235254277658711 -7.231506824493408
-0.31860828027660854 0.02257338831412728 0.947617647513596 163.58798217773438 0.06897522650964515 0.9976182080943454 -0.0005735909436217212 -0.5381108522415161 -0.9453735673621964 0.0651793910576578 -0.31940642622562815 -7.0023369789123535
-0.3047781519441557 0.015275114170833288 0.9523008710405411 164.10040283203125 0.054773402823514075 0.9984976629035311 0.001513776509000378 -0.5103568434715271 -0.9508470710059732 0.052622125225556496 -0.3051569424019509 -7.334814548492432
-0.31661139807228567 0.02134269526090443 0.9483151965299897 165.46697998046875 0.06436947765981835 0.9979256648766611 -0.000968362678147934 -0.5059575438499451 -0.9463687404793731 0.060735959196133976 -0.31732845807461196 -7.963290691375732
-0.3381804109547797 0.03724928050431649 0.9403438204977832 166.75857543945312 0.08634129818436072 0.9962301054551608 -0.00841173065655982 -0.5288148522377014 -0.9371121543733683 0.07834582367114373 -0.340121657703526 -8.21263313293457
-0.3572556004084153 0.05098488582116294 0.9326140559709709 170.04527282714844 0.10433753851839407 0.9944377439873628 -0.014396228299333541 -0.5361998677253723 -0.9281606078867736 0.09216352180297191 -0.3605880907852168 -9.193483352661133
-0.3560946990732416 0.04547071681216139 0.9333429054771486 175.5713348388672 0.09010255430096506 0.9958321293250052 -0.014138596552260942 -0.5185645818710327 -0.9300957450716453 0.07906190053757994 -0.3587075701501247 -11.026479721069336
-0.3564456186507234 0.04419849161631437 0.93327006503131 176.9134063720703 0.08819588474753659 0.9960118671844016 -0.013485041395593887 -0.5306023955345154 -0.9301440785482119 0.0775038951710443 -0.3589221912546136 -11.323007583618164
-0.360007753976635 0.049103720619009056 0.9316561821284012 178.4031524658203 0.09100655632532553 0.9956997924000649 -0.017312715566101994 -0.5347035527229309 -0.9284999858818005 0.07855410896851739 -0.3629284064132462 -11.719371795654297
-0.36202228602050457 0.05231544130445877 0.9307002519746129 179.0735626220703 0.09299734914267548 0.9954698168624693 -0.019782233651369708 -0.526142418384552 -0.9275189256704811 0.0793910468309985 -0.365247456125508 -12.113786697387695
-0.3757430854329919 0.06078192487969335 0.9247284419532119 185.37510681152344 0.09897533745418448 0.9947715242951871 -0.025169366842659413 -0.5245872139930725 -0.9214233643256099 0.0820680940399457 -0.3797944333656366 -14.172122955322266
-0.37706376371333844 0.061424902061971084 0.9241482021304853 186.4311981201172 0.09934802399342683 0.9947238824837854 -0.025580612678060152 -0.5410130023956299 -0.9208435742420819 0.08216677566425924 -0.3811767736287274 -14.26856803894043
-0.3742931635726881 0.0600673213581232 0.9253629258877886 186.58563232421875 0.09667956779828679 0.9949893180125351 -0.025481723083162686 -0.5548741221427917 -0.9222568453923697 0.07992605298530935 -0.3782249822276474 -13.996191024780273
-0.3817120799997006 0.06677862602889961 0.9218657728151071 186.842041015625 0.10628842444107495 0.9939413286875659 -0.027989390072491446 -0.5737192630767822 -0.9181495841158652 0.08729977223617799 -0.3864972069179483 -13.959737777709961
-0.3882994846086947 0.07080035277602009 0.9188094581029371 189.65914916992188 0.10959594648444343 0.9935161004048723 -0.030240481981517027 -0.5792915225028992 -0.9149930266219524 0.08895542863190839 -0.39354122141157255 -14.926786422729492
-0.3966506633439102 0.07477955759954773 0.9149187226382745 191.0833740234375 0.1174970639388662 0.9926142082708829 -0.030190619478807586 -0.5810161828994751 -0.9104189646720799 0.09552513440966254 -0.40250746261583004 -15.646759033203125
-0.41637890104692143 0.09522570460845617 0.9041906192528107 195.0760040283203 0.14128522579513356 0.9891958310340412 -0.0391164011239659 -0.6222195625305176 -0.898146477883745 0.11146153169006749 -0.42533425822325666 -16.90317726135254
-0.4166545167661276 0.09676247723400419 0.9039004572727705 196.9166717529297 0.1378559042388037 0.9895449431336976 -0.0423857898950708 -0.6264313459396362 -0.8985514806202739 0.1069477840727246 -0.4256376488952161 -17.261484146118164
-0.4257566929785803 0.10087911519159831 0.8991966650861775 199.18211364746094 0.14568384262511533 0.9884430072328334 -0.04191228281176722 -0.6186771988868713 -0.8930327297372272 0.1131539905203222 -0.43553268309898785 -18.525489807128906
-0.43975213248770495 0.11518903625203963 0.8907017165694933 203.5269012451172 0.16086543038060774 0.9858052098286574 -0.048066636902723135 -0.6431450247764587 -0.8835951421782362 0.12214570889721293 -0.45203987713145355 -19.830656051635742
-0.44641632543794924 0.11868313111905408 0.8869198265741142 205.9830322265625 0.16535127732190397 0.9850372408218429 -0.048585895917496943 -0.6408687233924866 -0.8794153850544656 0.12496378908255167 -0.45936111279432185 -20.779117584228516
-0.4566080497915895 0.12467685917544952 0.8808886249984537 209.16087341308594 0.17862523268622066 0.982817155065109 -0.04651307297436874 -0.6255006194114685 -0.8715515561992387 0.13611069207035337 -0.4710326574567996 -22.695117950439453
-0.4555235587875426 0.12378155505955538 0.8815760965546713 209.02882385253906 0.17586568630297536 0.983282460525013 -0.04718965146152546 -0.6323072910308838 -0.8726795218009393 0.13354298727718747 -0.46967725384392334 -22.31721305847168
-0.45732346881858627 0.1247590996654786 0.8805057705196456 209.50466918945312 0.18020833079307547 0.9825698594395469 -0.045622678940661084 -0.6226475834846497 -0.8708502755241622 0.1378101533690763 -0.4718348855774472 -22.896236419677734
-0.4629312076708929 0.1357254700137692 0.8759413757517738 214.3884735107422 0.18647136083165336 0.9810050620427346 -0.05345558751077185 -0.6537718176841736 -0.8665582084049288 0.13859172066206515 -0.4794467711956856 -24.373905181884766
-0.46401354281369717 0.13753210909644809 0.8750864820421831 215.061767578125 0.18836147376872903 0.980601004386386 -0.05423675318530391 -0.6587837934494019 -0.8655699782716322 0.1396659914363331 -0.48091789689192527 -24.582380294799805
-0.4627991702702323 0.13786881880755505 0.875676376749878 215.59779357910156 0.1881163495048019 0.9806072838984803 -0.05496902595310036 -0.6582581400871277 -0.8662731480579159 0.13928942374012093 -0.47975961625377894 -24.58307647705078
-0.46280608690091307 0.13967793379415397 0.8753859724364221 214.67457580566406 0.19306792751463117 0.9796846467518036 -0.05424728826401302 -0.6491835117340088 -0.8651793463165134 0.1439029802672264 -0.4803713469572687 -24.420677185058594
-0.4715693222294125 0.14291982562478808 0.8701702694159762 219.2624053955078 0.20013017227639993 0.978375864973514 -0.05223582086984575 -0.6488394141197205 -0.8588191244241775 0.14951451528433046 -0.48997461285517707 -26.542964935302734
-0.4793810725115929 0.1448707491150938 0.8655670126388058 223.2352752685547 0.20519046808532293 0.9774463772126109 -0.04995449410081765 -0.6454429626464844 -0.8532822857205937 0.1536588615237472 -0.4982953894535499 -28.447158813476562
-0.4832090934478489 0.14524574857426034 0.8633728305491266 225.9113006591797 0.20517482614771973 0.9774672823653762 -0.04960849343105455 -0.6427406668663025 -0.851124117108992 0.15317109527044828 -0.5021218505991253 -29.65530776977539
-0.4849010777554431 0.14477703150368612 0.8625024961938313 227.0224151611328 0.20497228321884045 0.9775478606110176 -0.04885226020234442 -0.6422539353370667 -0.8502101551402835 0.15310059230389272 -0.5036892898727668 -30.17086410522461
-0.4861133128605396 0.14920124465881962 0.8610649427610035 229.56944274902344 0.20634506087761056 0.9770532783217246 -0.05280726438839258 -0.6695526838302612 -0.8491852347463222 0.15200618379865158 -0.5057455458783638 -30.83594512939453
-0.4850305241802461 0.14533359247603095 0.8623360931281067 229.88522338867188 0.2006777440439501 0.9782762552888806 -0.052000109455610906 -0.6511975526809692 -0.8511602867021385 0.14783002142993698 -0.5036590623677468 -31.051027297973633
-0.491417684321776 0.1505041355210147 0.8578211729299386 232.00173950195312 0.21029095590693161 0.9763168042801599 -0.05082530416953114 -0.6353105902671814 -0.8451546446654438 0.15541558117270116 -0.5114290016504531 -32.51367950439453
-0.4921539808464225 0.14820717773432987 0.8577989808836592 232.4943389892578 0.20847284651356032 0.9767920244046492 -0.04915702722908777 -0.6136290431022644 -0.845176627341027 0.154634968643876 -0.5116292554858007 -32.99030303955078
-0.49493335350733636 0.1515072814858322 0.8556205462953512 236.1285400390625 0.20993971210399515 0.9763598117514585 -0.05144740302822536 -0.6322424411773682 -0.8431881716839214 0.15416569544950598 -0.5150404309167353 -34.1632194519043
-0.500010222170473 0.1602597008739447 0.8510620459172339 235.4754638671875 0.23400749188524195 0.9711744359523751 -0.04539502939931565 -0.6455348134040833 -0.8338046962368421 0.17645691606842756 -0.5230991161386218 -34.35819625854492
-0.5037315402023081 0.1574215624790392 0.8493956599088957 238.7788543701172 0.2310327640013919 0.9719895816981652 -0.04312905086021354 -0.6493505239486694 -0.8323931747457374 0.1745127638222594 -0.5259913477423641 -35.74723434448242
-0.5092704907911981 0.16137171278174087 0.845341787399144 241.4341583251953 0.24088511398483 0.9697291366371404 -0.039997042609442826 -0.6286677122116089 -0.8262069529299592 0.18326093929387532 -0.5327264767770782 -37.58839797973633
-0.5057754460910004 0.15592845216198425 0.8484559599282786 243.41835021972656 0.2210950237047043 0.9741082919763078 -0.04722315105979064 -0.6323646903038025 -0.8338514187938191 0.16370508027965214 -0.5271550607422515 -37.93879699707031
-0.5046158738931854 0.15218783227322624 0.8498245016019442 245.38681030273438 0.2079781885721294 0.9767805304376782 -0.05142828439821433 -0.6213404536247253 -0.8379187865737779 0.1507934317729529 -0.5245507106475629 -38.62708282470703
-0.5084097399875055 0.14707697965267594 0.8484620783170475 249.94371032714844 0.19791933620582017 0.9788860007071755 -0.051089470298282535 -0.5833247303962708 -0.8380617355789993 0.1419526670258714 -0.5267845552809588 -41.03845977783203
-0.5087708068017658 0.13577727366915682 0.8501275187295442 253.24319458007812 0.18117376068759616 0.9822567191638694 -0.04845416489575748 -0.543755054473877 -0.8416224418256647 0.129368735065326 -0.5243428227820073 -42.830596923828125
-0.5144121452391726 0.1395571227546297 0.8461110768208169 256.2654113769531 0.18742120101655438 0.9811121572191956 -0.04787722178875305 -0.5524658560752869 -0.8368114711450516 0.13395052984272343 -0.5308519730724459 -44.36579513549805
-0.5160464887872735 0.14657627499968265 0.8439261916883158 254.80665588378906 0.2010662575531341 0.9784498392132239 -0.04699225699190889 -0.5630225539207458 -0.8326273965489626 0.1454348917929747 -0.5343971470407216 -43.868473052978516
-0.5208716861058899 0.1450610331922974 0.8412193431337575 258.1058349609375 0.19964601870243764 0.9788263142971027 -0.04517204507010167 -0.5492067337036133 -0.8299603326843236 0.14441725343161935 -0.53880377047845 -45.69529342651367
-0.5238952635421619 0.14148403608942034 0.8399500106375001 262.00665283203125 0.19053494902661816 0.9805864237456974 -0.04633248067013222 -0.5337857007980347 -0.8301988834234318 0.13576646529048242 -0.540682236498496 -47.485107421875
-0.5189414522091161 0.12539672586435302 0.845562197784169 266.45379638671875 0.16386341185128206 0.9854298320149647 -0.045572233118594443 -0.48961350321769714 -0.8389568233440567 0.11490738582640671 -0.5319283234111439 -49.69578170776367
-0.5195894242673373 0.12054613004035733 0.8458696475946103 268.9627380371094 0.15775793628614102 0.9865111075433595 -0.04368372960625298 -0.45215561985969543 -0.8397257074356334 0.11074504605564807 -0.5315978471042349 -51.229095458984375
-0.5033008715590283 0.09011770411467687 0.8593992274217046 271.39105224609375 0.11696605259197065 0.9924985680440371 -0.03557435834402164 -0.4030870497226715 -0.8561583820935093 0.08261592967240675 -0.5100661064365962 -52.16569519042969
