0.9368270075402308 0.011661796984575189 0.349598570412276 -4.9486212730407715 -0.012818272703590811 0.9999173480253987 0.0009944861739639987 -0.019766338169574738 -0.3495580779042488 -0.005412911318724872 0.9368990610321599 8.84178638458252
0.8489013445598111 -0.01442682123102349 0.5283544019251786 -6.493233680725098 0.023225946160609086 0.9996800221311547 -0.010020417995216788 0.032486990094184875 -0.5280407774305783 0.02077787720202587 0.8489647914898993 6.9528422355651855
0.8653972316309573 -0.011827763747583547 0.500946838986141 -6.2294816970825195 0.01842670145232806 0.9997963695917338 -0.008226543914425429 0.02777194231748581 -0.5007475293589198 0.01635002617491934 0.8654389571107932 7.157264709472656
0.8449696214674378 -0.01716821513335419 0.5345386713665438 -6.507267475128174 0.026342571133033246 0.9996074927357118 -0.009535691517935891 0.030949808657169342 -0.5341651502515642 0.02213849262617081 0.8450902196812865 6.84731388092041
0.7846338344957311 -0.040720626094720026 0.6186207047739184 -7.030585289001465 0.04899986611684328 0.9987923120727643 0.003595895559255045 0.0326506569981575 -0.618020031135769 0.027490870389924774 0.7856815469133454 6.128932476043701
0.7977482698328221 -0.035949626842893864 0.6019180362047608 -6.784442901611328 0.04638005584358611 0.9989222285999748 -0.0018087644417405513 0.0298367440700531 -0.6012042817534528 0.029359930836372145 0.7985558252637062 6.263698577880859
0.8911401008316907 -0.015226816571126515 0.45347267254686224 -5.276121139526367 0.019326207462153796 0.9998035179516431 -0.00440717558629668 -0.00012514740228652954 -0.45331646605303705 0.01269131784441338 0.891259284415348 7.592327117919922
0.8827416857468507 -0.018100453922569277 0.46950983995290835 -5.5101704597473145 0.023220860062205594 0.9997172618007478 -0.005117432519034136 0.006446711719036102 -0.46928446373471616 0.015419793299922973 0.882912409059816 7.441354274749756
0.8922677402480446 -0.01490110307867861 0.45126071936263945 -6.015820503234863 0.020004476971513502 0.9997784957423693 -0.00654066909586519 0.015054933726787567 -0.4510633000075981 0.014863262702516391 0.8923681879180206 7.667596817016602
0.9011098824376335 -0.012996900511726925 0.4333959625450182 -5.035794734954834 0.01636625385203102 0.9998578849952946 -0.004044199251663605 -0.00874127447605133 -0.4332818084204384 0.010737336253678051 0.9011945317755152 7.8277153968811035
0.8357529224435134 -0.022324265530563596 0.5486516926025541 -6.378355979919434 0.03293138648660805 0.9994124788127493 -0.009498472373254943 0.029660291969776154 -0.5481173016893338 0.02600623698032318 0.8359970689104879 6.768622875213623
0.819451618844641 -0.027244872587599278 0.5725004465418191 -6.711177825927734 0.04048848284326238 0.9991258194545692 -0.010405751115897545 0.03666744381189346 -0.5717164744258709 0.03170668410478517 0.8198383737378553 6.60630464553833
0.9195240476374826 0.0051529900866463885 0.3929999650248685 -5.344379425048828 -0.0019163958288870792 0.9999609458621733 -0.008627524410575802 -0.004702351987361908 -0.39302907429782846 0.007180072673377421 0.9194980115872994 8.57619857788086
0.9920184964112196 0.08871615219655066 0.08960327626521991 -2.271153688430786 -0.09128324821754144 0.9955120645108273 0.024961931180198054 -0.16650867462158203 -0.08698661605602082 -0.032941975545323424 0.9956646799371229 13.478328704833984
0.9914401609365259 0.08871404493837254 0.09579261721462654 -2.362032651901245 -0.0913742897186155 0.995533547686574 0.023742253663087694 -0.16031455993652344 -0.09325849269945374 -0.03229200615100121 0.9951181235803966 13.28890609741211
0.9913239654052316 0.08678224403683864 0.09871999662266022 -2.6657564640045166 -0.08862540212629864 0.9959604578845129 0.014432755399560172 -0.15609896183013916 -0.0970687061374536 -0.023056635713005858 0.9950105817720727 13.490134239196777
0.9726700722931545 0.11927997069262734 0.19921149328488938 -2.985750675201416 -0.12843461133027198 0.991147436973402 0.03363493412358759 -0.2006392776966095 -0.1934359870284522 -0.05830134451813328 0.9793791258494876 16.74039077758789
0.9023226005220423 0.04423665706058129 0.4287855440185025 -5.065338134765625 -0.04553248480502767 0.9989366185226494 -0.007240511170792304 -0.09443715959787369 -0.4286498774228433 -0.012990394398899778 0.9033772922974885 12.939107894897461
0.9447572544270725 0.08687472607735745 0.31604827507266053 -4.373570442199707 -0.09731963582908089 0.9951013389857808 0.01738429264599067 -0.13233494758605957 -0.31298980604728177 -0.047181639624863395 0.9485838256015093 14.593585014343262
0.9611955617852748 0.10317945381698318 0.25584583700798935 -3.765899658203125 -0.11499956094998778 0.9928616283269655 0.031636813639120756 -0.162055104970932 -0.25075524518063363 -0.059831323785751636 0.966199782502793 15.600476264953613
0.9641557948774508 0.0946612016563409 0.24787670343380036 -3.4247663021087646 -0.10559013964773256 0.9939219626020201 0.03114248972899672 -0.17403006553649902 -0.2434221140599247 -0.056199547670118255 0.968290909400822 15.78895378112793
0.969002054344437 0.09028027737133082 0.22996628055872956 -2.866398811340332 -0.10000577468788621 0.9945048107118334 0.030968152997816203 -0.1942051351070404 -0.22590675887484304 -0.05300615991350427 0.9727057537127491 16.13312339782715
0.9699846419813415 0.08156026039941816 0.2290801568095922 -2.2925500869750977 -0.08966618413350827 0.9956534339743688 0.02518362241582023 -0.20991578698158264 -0.2260304619808225 -0.04496847049462453 0.9730817370180727 16.121980667114258
0.9562803613997971 0.0698598039784292 0.28398499641559977 -2.8169798851013184 -0.07830783004089031 0.9967577420001653 0.01849020056728173 -0.18109393119812012 -0.28177252200198616 -0.039920064514310544 0.9586504234045968 15.03026294708252
0.9771950850757978 0.0917760355109174 0.1914860961260723 -2.099884271621704 -0.09965703924146993 0.9945097270630228 0.031919857560088236 -0.22333776950836182 -0.1875053072137658 -0.05027486531986963 0.9809761453183968 16.77574920654297
0.9876181781825434 0.10655978432347601 0.11513186565121385 -1.6429933309555054 -0.1119585616043059 0.9928470987406411 0.041471906223215886 -0.2779899835586548 -0.10988910140177559 -0.05384840654305983 0.9924841230497767 19.022565841674805
0.9752830390543884 0.09565364661375786 0.19918176026515624 -2.5184459686279297 -0.10398101485535508 0.9940723336715219 0.03175128310012832 -0.21335354447364807 -0.19496395123839247 -0.05167760944881639 0.9794480498725642 16.747709274291992
0.970763390088414 0.09355587530580603 0.221055962733001 -2.8306846618652344 -0.10185151005035198 0.994449095292917 0.0264058094282596 -0.1985083818435669 -0.21735848353471854 -0.04814867668859639 0.9749035821908874 16.278371810913086
0.9853827177458703 0.12116031068657275 0.11975424285634066 -1.8867746591567993 -0.1269173348805793 0.9910385328544838 0.04164872752489191 -0.2671709656715393 -0.1136348963768311 -0.05623882566310364 0.9919295866206742 18.77192497253418
0.9863889097806654 0.13460107190982196 0.09444294628206587 -1.4571253061294556 -0.13898908958207357 0.9894237819594122 0.04150436929143404 -0.298907071352005 -0.0878575644942231 -0.054065988697704764 0.9946647260395248 19.565202713012695
0.9915476825552358 0.12499333785772483 0.03478302330917014 -0.739224910736084 -0.1264570254523843 0.9910111186031338 0.04365298980254222 -0.4096725285053253 -0.02901402993513059 -0.04768257853923668 0.9984410637442619 23.02658462524414
0.9960600498001599 0.08329963923229201 0.030422808809726563 0.8531791567802429 -0.08467736383017095 0.9952889697676852 0.047218753833120145 -0.6132721304893494 -0.026346180878374693 -0.04960883754483608 0.998421174650545 28.316574096679688
0.991567097703876 0.12850895573955223 0.01673735480420433 -1.9683481454849243 -0.12934478774364289 0.9893802034636225 0.06630790961742608 -0.44435960054397583 -0.008038447279418484 -0.06791363109870197 0.9976588204773842 26.892578125
0.9911051020265024 0.13208627732171 0.016244755471492983 -2.146949052810669 -0.13290334385826555 0.9886903901097316 0.06948390961912274 -0.45104822516441345 -0.0068831626689995155 -0.07102483965458217 0.9974507978961734 27.06360626220703
0.9885808998050696 0.15068985552279257 0.0006099041880319482 -2.5468764305114746 -0.15020377292483905 0.9850506403919435 0.08434490181727182 -0.5023153424263 0.012109134557930216 -0.0834733688426539 0.9964364332732499 29.17601203918457
0.9931421868164435 0.11688401960830964 0.0025928219485800374 -2.5403621196746826 -0.11668627133685087 0.989594502052253 0.08418453295859422 -0.5984404683113098 0.007273984255933501 -0.08390975788403936 0.9964468082566609 32.65569305419922
0.9947105909747986 0.10252602549273958 0.0062653251495060356 -2.4005064964294434 -0.10270204540668763 0.9916605855452981 0.07785610409749051 -0.5847538113594055 0.0017692009070738616 -0.07808775302580247 0.9969449196197009 32.09867858886719
0.9931075777722769 0.11690137504298642 0.008450294926196512 -2.1005947589874268 -0.11720631284742694 0.9906076426012284 0.07042143600316461 -0.49152225255966187 -0.0001385640348530344 -0.07092648964312104 0.9974815356019942 28.592004776000977
0.9894117067321987 0.14510290168599002 0.0031020160513900432 -2.632136583328247 -0.14492243569941368 0.9865705561699384 0.07533940091006328 -0.4603787958621979 0.007871607982266347 -0.0749912369603532 0.9971531237312197 27.99695587158203
0.9909935021387566 0.13378481428375252 0.005788107274768822 -2.5179219245910645 -0.1338382817265322 0.9881232298471494 0.07549699981407944 -0.4802404046058655 0.004380988844060767 -0.07559170657882754 0.9971292297557267 28.57115936279297
0.9919980831834854 0.12579510463299404 0.01074218835549652 -2.2194507122039795 -0.12623310861186604 0.9897533565623443 0.06673451478626051 -0.4552329480648041 -0.002237241711507884 -0.06755653057955889 0.9977129396402441 27.495025634765625
0.9872854069739193 0.15893297088786063 0.002799275102786312 -2.616142988204956 -0.1586711919763587 0.9842968763660641 0.07735057861975488 -0.4283219575881958 0.009538239520170813 -0.07681126180950167 0.9970000261013479 26.880924224853516
0.9840716098815695 0.17758105858156498 -0.00824828819496474 -2.8310089111328125 -0.17600101644265698 0.979749942270157 0.09546566310865846 -0.4922993779182434 0.025034153395870944 -0.09249334167752331 0.9953985497824865 28.95003890991211
0.9876142256259788 0.15643408726409122 -0.012104448894900062 -2.70527982711792 -0.15440324546083092 0.98270387464464 0.10223860596454873 -0.5983474254608154 0.02788869183667357 -0.09910333546487002 0.9946862569510936 32.5264892578125
0.9896803180294429 0.14306930900475945 -0.008002557468795982 -2.8189289569854736 -0.14144113808337228 0.9843152907966587 0.10544103926635788 -0.6939088106155396 0.022962416310596423 -0.10322103043851995 0.9943933559273156 36.12858581542969
0.9948259807620297 0.10158264699412671 0.0014946004591380128 -2.0267035961151123 -0.10131986472420636 0.9909584216110118 0.08795278080015927 -0.7541061043739319 0.0074533893722478865 -0.08764914413660287 0.9961235237253393 37.73027420043945
0.9962951212585135 0.08600003185270418 0.00016086583655609745 -1.6157910823822021 -0.0857588625192794 0.9933577110648738 0.07671945885727735 -0.7146045565605164 0.00643807858625818 -0.07644901823625996 0.9970527061067678 36.122718811035156
0.9978085022419736 0.06596299012123867 0.0052035360952734245 -2.0741934776306152 -0.0661629912551547 0.9956035256179627 0.06630292878337346 -0.700520396232605 -0.000807119445787693 -0.06650190757676158 0.997785971462243 36.426597595214844
0.996449765983503 0.08418584295080064 -0.0007795627526572882 -4.550220966339111 -0.08388949819288136 0.9936379456906945 0.07514110044791064 -0.7060409188270569 0.007100420013545512 -0.07480893482893317 0.9971726065759086 39.7020378112793
0.9903161301025549 0.13773840989127303 -0.017380819869139738 -4.242412567138672 -0.13482290828482993 0.984025159539035 0.11626378970168356 -0.7103076577186584 0.03311715356609272 -0.11279457360529636 0.9930662809223156 39.07588195800781
0.9643690844573174 0.2634507236328313 -0.024207130360565873 -5.151330471038818 -0.25426552752872444 0.9482305771397221 0.19028350976321953 -0.8363531827926636 0.07308426953521095 -0.1773484953265951 0.9814306907529934 43.0665283203125
0.9751633248540229 0.21884354130005984 -0.03411736054996135 -5.3469977378845215 -0.21055609918624296 0.9637662034238724 0.16377067574327128 -0.7038143873214722 0.06872131368884096 -0.15251953831946805 0.9859082977010062 39.596073150634766
0.9804745138944819 0.19375633749191698 -0.033588826789545556 -5.001461029052734 -0.18725499409863308 0.9720842290688083 0.14137828256426743 -0.6288118958473206 0.06004410702559092 -0.13232812731018045 0.9893856537943535 36.93760681152344
0.981859953637245 0.1872455157805714 -0.029835352579365607 -4.792882919311523 -0.1815657105571669 0.9738438177170595 0.13660933878814296 -0.6404523253440857 0.054634459760652565 -0.12871416205814462 0.9901756108349323 37.06336975097656
0.974361858888262 0.22274736860770447 -0.031663507736089266 -5.157479286193848 -0.21508906383631834 0.96351029631696 0.15932546409541598 -0.6655848622322083 0.06599744360068895 -0.14843018112751516 0.9867182063632081 37.94140625
0.9760594197290231 0.21731910429581644 -0.00896750056073533 -5.823444843292236 -0.2127895634475435 0.9626286405322302 0.16753119743759418 -0.8899710178375244 0.0450401026424962 -0.16161221282791208 0.9858259896243449 46.05849075317383
0.9743501312619297 0.22438518985981604 -0.017120405410936377 -5.514461040496826 -0.2185916216949727 0.9617769091497834 0.1649329559277081 -0.8432283997535706 0.05347452322950107 -0.15696007007472848 0.9861561802105759 44.08932113647461
0.9668355473516091 0.25536994950421676 -0.0039004188913639784 -6.014116287231445 -0.2503999437194676 0.9508049194212382 0.1824003108266539 -0.9911311268806458 0.050288095635068454 -0.17537443968431168 0.9832166156767347 49.137245178222656
0.9750730239421398 0.2216875475521757 -0.009339659556555083 -5.424834728240967 -0.2166889389894642 0.9604537311329124 0.17485575218587113 -0.919154167175293 0.04773365374608127 -0.1684733261177221 0.9845497634385375 46.65926742553711
0.961982804336502 0.27310927232037063 -0.0006399480581381518 -5.829710483551025 -0.2672424701362468 0.9417958829486831 0.20396562704629312 -1.0551904439926147 0.05630760442743675 -0.1960404045944304 0.9789778411435549 51.16884231567383
0.969928612905788 0.24336129452029617 0.003710282477057493 -6.607696056365967 -0.23981406457883778 0.9529654600799169 0.1853268634732949 -1.075503945350647 0.04156561435647169 -0.18064360554439207 0.9826699280425198 53.4876823425293
0.9669700909016462 0.254889213808563 0.0005761820148245216 -6.2807769775390625 -0.250377623884138 0.949426214715378 0.18947535003097787 -1.094547152519226 0.047748180696176326 -0.1833612595268725 0.9818853088548192 53.53877258300781
0.9725501198099444 0.23257554802532557 -0.007408030668265977 -6.256124019622803 -0.22782128806257382 0.9581845547135437 0.17314681577758664 -1.0090601444244385 0.047367976135489015 -0.16670624934035086 0.9848681644096839 50.86851501464844
0.9778490203292779 0.20919657460831012 -0.006934451183857493 -6.650043964385986 -0.20558571503262477 0.9661390627024048 0.15591608414478347 -0.9947317242622375 0.039316754896557414 -0.15103676602956162 0.9877459633386186 51.15593719482422
0.9682650418190756 0.24749974512020245 -0.034737371180597165 -6.298436641693115 -0.23793281948120087 0.95539363073483 0.17495994903133016 -0.888226330280304 0.07649040596591199 -0.16114244169911973 0.983962565994467 46.9842529296875
0.9637208225014571 0.266804837321563 -0.007573312282528631 -6.555218696594238 -0.2604667570993894 0.9462675602253199 0.19166317567897 -1.1280591487884521 0.058303042143974575 -0.1827371972178471 0.9814315422023703 54.70193862915039
0.9573983162034376 0.2887705597058183 -0.00016726628708360614 -6.825840950012207 -0.28262320603033314 0.937135768548824 0.2046965430082805 -1.2205846309661865 0.059267086514845656 -0.19592885227447593 0.9788254682538906 57.64207077026367
0.9600854309909136 0.2796704000274012 0.004520237549701919 -7.2677178382873535 -0.27548252235680337 0.9426637379674969 0.18839972663748814 -1.2593541145324707 0.048428762888656274 -0.18212507918916684 0.9820820283741143 59.49958038330078
0.9605157448522675 0.27800521607796247 -0.011072656607104863 -7.098053932189941 -0.27120015107375584 0.9444068960619865 0.18586579224842895 -1.1125531196594238 0.06212875299300233 -0.17552411373942192 0.9825127498142325 54.4598503112793
0.9624273557264288 0.27103071769208953 -0.016611291844553903 -7.004703998565674 -0.2631132762714643 0.9459372529471718 0.18966844053888954 -1.0387153625488281 0.06711921333813572 -0.17817144427227682 0.9817076691392406 52.10321807861328
0.9593632966266037 0.27931820827738085 0.04004252252854619 -8.459893226623535 -0.2821230352544125 0.9467913511216164 0.1548958696032334 -1.473618984222412 0.00535332276002197 -0.15989833009139917 0.9871189725506289 67.50760650634766
0.9539025660062646 0.2999831943677081 -0.008943023180680208 -7.762593746185303 -0.2918855694788343 0.9342600564272584 0.2048437484878484 -1.1116302013397217 0.06980479135905268 -0.19279063789894516 0.9787538306652175 55.03407669067383
0.9550639660691271 0.2963674930331879 -0.004373761485468249 -7.828334331512451 -0.2894025485324161 0.9356033003700184 0.20221926030838616 -1.1452252864837646 0.06402332090145743 -0.19186655104512512 0.9793305065047226 56.24469757080078
0.9600759847522449 0.2797135295909883 -0.00380064017751619 -7.603762149810791 -0.2733588619233318 0.9409765309226148 0.19959484176907616 -1.1851798295974731 0.05940569088890739 -0.19058727558940836 0.9798711416678312 57.439476013183594
0.9736331696589401 0.2273163783271293 0.01912367862424711 -8.01607894897461 -0.22698514840726924 0.9570325811941183 0.18046157744920027 -1.27847421169281 0.022719888697262956 -0.18004416868413475 0.9833961073648926 61.94072723388672
0.9629063844065767 0.26719661050215104 0.037646596196945464 -8.417374610900879 -0.2690848307035413 0.9404349001803665 0.2077872768193254 -1.4803487062454224 0.020115883134990957 -0.21020982341200473 0.9774493242039678 68.75404357910156
0.9707078583666608 0.23934064055953097 0.02103120257532213 -9.123004913330078 -0.23906063937733396 0.9533973194873775 0.18407488121626978 -1.3270676136016846 0.02400550782031343 -0.18371066645907344 0.9826871967332493 64.88629150390625
0.966288014524387 0.2565506552072198 0.021661816619669393 -8.403990745544434 -0.25603197999426214 0.9486480868659418 0.18578060314738495 -1.3899580240249634 0.027112694567963856 -0.18506368795183628 0.9823524485615789 65.72471618652344
0.9697245552590466 0.2433318043001948 0.02058931625034486 -8.220319747924805 -0.24326466435088462 0.9551879502898174 0.16863654022598265 -1.3751068115234375 0.021367966817095005 -0.16853964707791966 0.9854632399825751 64.95074462890625
0.9712267053664592 0.23583252030023 0.03319200433620473 -8.665337562561035 -0.23808780832755394 0.9581132849453668 0.15916384242968076 -1.4676117897033691 0.005734309792378323 -0.16248678586285073 0.9866940569959692 68.64977264404297
0.96840793264221 0.2469538512457851 0.034639159206243594 -8.279787063598633 -0.24926713452096297 0.954603285009033 0.16309035501117503 -1.5084917545318604 0.007209136102820972 -0.16657239748781189 0.986002872588013 69.49431610107422
0.9611826949128052 0.27171990160871834 0.047917867960772256 -8.054353713989258 -0.2758974496458408 0.9446971067000061 0.17727936673950048 -1.6627724170684814 0.0029024608659384867 -0.18361827703795178 0.9829933387661057 74.16300201416016
0.9478535679664255 0.3142229001703845 0.05326896565384116 -7.824367046356201 -0.3182404209648361 0.9241217928802703 0.2114756401760714 -1.7679855823516846 0.0172234769266086 -0.21740027813291296 0.9759305666441088 77.65496063232422
0.9674584584805576 0.24920396415724835 0.04383509282226303 -9.58840560913086 -0.25300941947009703 0.9505486417417981 0.180120829839937 -1.5941331386566162 0.0032194368805777245 -0.18535011176456284 0.9826672739513799 74.60039520263672
0.966503307945338 0.25018738643494326 0.057250566805678346 -8.770819664001465 -0.2565424088243325 0.9483224355526422 0.1867365810496535 -1.6983892917633057 -0.007572859785320379 -0.19516872161377993 0.9807404457338927 76.9994125366211
0.959669142908499 0.275892267006082 0.0540240053634639 -8.345601081848145 -0.28112734483848906 0.940676041439023 0.18998947614715642 -1.6925201416015625 0.001597539773553161 -0.1975146629211472 0.9802986309272382 75.82548522949219
0.964054769092811 0.2577334590819803 0.06458998574890598 -10.080167770385742 -0.2655324712848447 0.9432575161785263 0.199393492536944 -1.7586636543273926 -0.009534614977535848 -0.20937698594247262 0.9777885092773773 80.74120330810547
0.956901876598402 0.28446384189766805 0.058473252135272595 -8.841901779174805 -0.29039288166902777 0.9349691930285425 0.20372673453308482 -1.729438304901123 0.0032822002398772976 -0.21192671077609476 0.9772800501500124 77.75000762939453
0.9517405506621359 0.2996756084163124 0.06621520932268454 -9.152247428894043 -0.30690284902235937 0.928793832530324 0.20773217833448634 -1.798542857170105 0.0007519888914192877 -0.21802877418805286 0.9759420516294817 80.46101379394531
0.9395849986170263 0.3349444252808625 0.07065594346631514 -8.975942611694336 -0.3422943345675313 0.9169896415123092 0.20485259549758544 -1.907060146331787 0.003823466596341446 -0.21666155480933652 0.9762392902207876 83.4502182006836
0.9451637989629484 0.32005774885066823 0.06502638334222496 -9.141241073608398 -0.32657750743133823 0.9240283823093691 0.1987930590505232 -1.8327701091766357 0.003539035159703375 -0.20912815708883675 0.9778818380268474 81.32199096679688
0.9395329835120678 0.3367846357748057 0.062079642387369904 -8.981858253479004 -0.342230285270783 0.9167356673058304 0.2060925717555393 -1.8411343097686768 0.01249818932448946 -0.2148763025448946 0.9765612985718019 81.35816955566406
0.920537015912146 0.3847353904856415 0.06775161727532711 -9.675130844116211 -0.3899344969946235 0.894383468735911 0.21915587809928694 -2.0623347759246826 0.023721095866577873 -0.22815979084795057 0.9733346903563583 89.72120666503906
0.9248801751859519 0.37382451655859983 0.06965552646941602 -9.227389335632324 -0.3797637127928938 0.8987040146313203 0.2193413242672334 -2.0481207370758057 0.019395463226199228 -0.2293170837623667 0.9731585128338365 88.77684020996094
0.9315425418100403 0.35667946259430144 0.0707690169603199 -8.977704048156738 -0.3634574508326815 0.9072557484870889 0.21162629390352508 -2.059401035308838 0.0112771553283025 -0.22286042223906102 0.9747851342563288 89.00303649902344
0.9315684322815464 0.3566669625559992 0.07049066461297751 -9.10433578491211 -0.3634996380546121 0.9100189201093182 0.19933283266245014 -2.1666016578674316 0.006947597474509452 -0.2113155054986449 0.9773932105479269 92.75068664550781
0.9270749670668702 0.3691150550645035 0.06546817213493718 -8.735620498657227 -0.37447287156605524 0.9037497241973268 0.2073800966205005 -2.3142545223236084 0.017380273272705513 -0.2167729506603256 0.9760673204051972 97.28121948242188
0.9211962369252836 0.38286739060666763 0.06935455489539052 -8.348268508911133 -0.38826520490876437 0.8928458171050906 0.22820271149812843 -2.278606414794922 0.02544845244511979 -0.23714743955603707 0.9711402927384714 95.64855194091797
0.927820502014768 0.3649653211606043 0.07713255078888787 -8.457087516784668 -0.37293916727645393 0.9030693545060535 0.21303079228873087 -2.2249562740325928 0.0080928086724283 -0.22642008590705073 0.9739961248103787 93.930419921875
0.93782312188289 0.33971626629731916 0.07127868176978655 -9.273194313049316 -0.3469528058349039 0.9236604058481296 0.1627120314904691 -2.3336286544799805 -0.010561372312206743 -0.17732544397653954 0.9840955971517226 98.3676528930664
0.9398574934763674 0.33245737156451466 0.07835807583608796 -8.78420352935791 -0.3413194269252133 0.9228590127698075 0.1784160624859206 -2.257829189300537 -0.012997721329674486 -0.1944308068232762 0.9808301181133692 95.5202865600586
0.9461401152155537 0.3129126176581826 0.08309377888989841 -8.764707565307617 -0.3224928129185343 0.9335382343685319 0.1565399328860714 -2.194993019104004 -0.028587899464468124 -0.17490585662689664 0.9841700428898562 93.24421691894531
0.9580811998411063 0.27346742840877203 0.08541650958988743 -8.994223594665527 -0.2821530951827381 0.9523636393861824 0.11572868811969762 -2.117727518081665 -0.049699551203475426 -0.13497801293024986 0.9896013796653551 90.86296844482422
0.953144874449196 0.2907331037284312 0.08360090135674356 -8.800521850585938 -0.29907071645338057 0.9471769555949885 0.11581244039338391 -2.232548952102661 -0.045514336986144856 -0.13538861542331657 0.9897466180505338 94.38410186767578
0.9479290979384475 0.30809189583517443 0.08068338739969494 -8.6010103225708 -0.3171635181041476 0.9362342396127041 0.15123740066736732 -2.2105765342712402 -0.028943532358737537 -0.16895215978942016 0.9851991877976194 93.77181243896484
0.9395819423079129 0.3343307354114573 0.07354408914470098 -7.719034671783447 -0.3421882699353659 0.9233294177378596 0.17426983175095517 -2.382131814956665 -0.00964165999871023 -0.18890671163063322 0.9819477036448376 98.46505737304688
0.9344845190268453 0.34883567349357353 0.07107993104562238 -7.832084655761719 -0.3559976378033877 0.9144811942580622 0.19232739593400644 -2.342271089553833 0.002089396461522848 -0.20503126163254493 0.9787531947206064 97.35093688964844
0.9321417448387997 0.35554293653737906 0.06856374995035597 -7.970303058624268 -0.36206652789637134 0.912894941321029 0.18849577047653074 -2.411717414855957 0.004426839272421622 -0.20052941527080767 0.9796776800076665 99.6573257446289
0.939760692040734 0.33538404112922204 0.06608620620789633 -8.098661422729492 -0.34180692143073066 0.9243514866844186 0.16953571165495152 -2.554964065551758 -0.004227310867045839 -0.18191172040343306 0.9833057794108077 104.76283264160156
0.9364141451313207 0.345187500955464 0.06304076444729576 -8.15843391418457 -0.35088358053128177 0.9195853966647135 0.17675805824501808 -2.574948787689209 0.0030433060190249196 -0.18763871515527705 0.9822333993829325 105.42837524414062
0.9364014023670761 0.3452770887639403 0.0627387091010919 -8.025108337402344 -0.35088415234911424 0.9182787279803438 0.18342434235685678 -2.584723949432373 0.005720600948936328 -0.19377283017363367 0.9810297472611538 105.72284698486328
0.9387012865626114 0.3374147746283474 0.07064817384900426 -7.955621719360352 -0.34472817573072073 0.9196853805322359 0.1879927809588581 -2.5340394973754883 -0.0015425508312396502 -0.2008234814402374 0.9796262296606575 104.15780639648438
0.9402604245943637 0.3327114113591908 0.07220422905206444 -7.603611469268799 -0.34043843239365346 0.9209824805832868 0.18945433277707951 -2.5806469917297363 -0.003465211534598188 -0.2027175059288957 0.9792311295598141 105.47232818603516
0.9435992863426882 0.32264451340588896 0.07430279121706587 -7.468443393707275 -0.33095849550160084 0.9254835219935823 0.18424636977067288 -2.614583969116211 -0.00931992858806368 -0.19844588301960764 0.9800675336137208 106.44264221191406
0.9359793779297314 0.3473106061240709 0.05760162292855989 -7.397237777709961 -0.35167649491451775 0.914790729128775 0.19869968501405272 -2.669560432434082 0.016317077401074537 -0.20623594442719023 0.9783662341941859 108.17788696289062
0.9375295979303815 0.344333402663315 0.04972686210490892 -7.646406173706055 -0.3471983079301256 0.9169083233656129 0.19680564400778358 -2.702601909637451 0.02217178330570011 -0.2017761986785462 0.9791806665125088 109.77998352050781
0.9324407079837155 0.35726956317578673 0.053970226264209276 -7.495026588439941 -0.3605490110071923 0.9102335872597948 0.203664496871451 -2.62919282913208 0.023637613173985685 -0.209363979357358 0.9775520382010816 106.96876525878906
0.9280529618568039 0.3677848051763975 0.05875403875626827 -7.776770114898682 -0.37144930586858155 0.9024287401855206 0.21828371917512124 -2.4693806171417236 0.027260101954371015 -0.22440299901858168 0.9741150757856608 101.94217681884766
0.9296229948551106 0.36437837043510524 0.055040808457656146 -7.838106632232666 -0.36747471287625955 0.9054094220183412 0.21259377675963165 -2.456070899963379 0.02763010736725044 -0.21785816872330194 0.9755892555206847 101.5024185180664
0.9407494379774765 0.33528733284693035 0.05072375555352873 -7.301150798797607 -0.33885817584576006 0.923818145019748 0.17814368244413264 -2.6663570404052734 0.012869794386327706 -0.18477672841747078 0.9826962547134237 107.86738586425781
0.9406154983973103 0.3367105567622253 0.04322597760203594 -7.54618501663208 -0.3391908383892446 0.9269830908190279 0.16016218182955455 -2.6365222930908203 0.013858547094872732 -0.16531288606903638 0.9861437980193076 107.02206420898438
0.9556764267476482 0.28831198266300456 0.05965541058256546 -7.413938045501709 -0.2932072351018526 0.9503659268296986 0.10408709048222592 -2.5799760818481445 -0.026684914142151923 -0.11696497669839262 0.992777472338676 104.93427276611328
0.9551312083647703 0.29106143317381195 0.05484174437835706 -7.116559028625488 -0.2959245857777627 0.9455293545274551 0.1356572123373996 -2.677950859069824 -0.012369896519939978 -0.1457994576317119 0.9892368289820114 108.2855453491211
0.9520288853798344 0.30254317562915356 0.04591980272885028 -7.33085823059082 -0.30600441184885707 0.940493375523611 0.14776166798340595 -2.6772682666778564 0.0015170139961255304 -0.15472503829836454 0.9879564065241464 108.66706848144531
0.9573914621852572 0.27924185460824 0.07365850100107545 -7.184221267700195 -0.2872029399757253 0.9473596465595948 0.14150678902363403 -2.4831595420837402 -0.030266473267871883 -0.15663232969419147 0.9871931188427596 102.0762710571289
0.9667952074820118 0.24776076212868214 0.06262293141676202 -6.909972667694092 -0.25254754764163 0.9637649011948918 0.08588918095429272 -2.634066104888916 -0.03907381437756627 -0.09885251627659873 0.9943346604920158 106.82884216308594
0.9712012196362334 0.22803243133231066 0.06906085170172492 -7.584224700927734 -0.23288900640266774 0.9697538056033536 0.07307713195378653 -2.5684616565704346 -0.050308067681742556 -0.08705611281517216 0.9949323251094222 105.51013946533203
0.9837555104449555 0.1660908958527213 0.06810954400100828 -7.250846862792969 -0.1652484611041436 0.9860902193683962 -0.017861281272639536 -2.7173476219177246 -0.07012875139268583 0.0063161365428948575 0.9975179520426056 110.28977966308594
0.9851080857908654 0.16633429960951238 0.04353113923238942 -6.493531703948975 -0.16441912509017884 0.9853899921112667 -0.04441750501252426 -2.8377180099487305 -0.0502833035314589 0.03659869151172573 0.9980641889004898 113.57711791992188
0.9495286079773251 0.31365615586072276 0.003903655122671436 -9.531532287597656 -0.3124485989572611 0.9446246829724388 0.10029995677398594 -2.6291399002075195 0.02777220989203786 -0.0964573699096798 0.9949495867368453 109.59014892578125
0.9650514677647984 0.255733528825243 -0.05723658619796248 -5.96100378036499 -0.2557679007035208 0.9667139593236844 0.006848490230680154 -2.9986019134521484 0.0570827954354207 0.00803013594619821 0.9983371531611771 118.34419250488281
0.9847800382479008 0.15382423130176778 0.08090971593623981 -5.880915641784668 -0.14881353325651128 0.9867449149409869 -0.0647225243467647 -2.59060001373291 -0.0897931433249554 0.051696989298455134 0.9946178224369897 104.23947143554688
0.9521872851730241 0.2960303518464097 -0.07553412964029628 -7.635317325592041 -0.2921957389062685 0.95460855525669 0.057828681428466006 -2.9803853034973145 0.08922457127857748 -0.03299298435161847 0.9954649360292547 119.52783203125
0.9846354063795103 0.04526614587752581 0.1686537652744571 -5.240094184875488 -0.014013355858862566 0.9831855111435068 -0.18207107550364635 -2.623457908630371 -0.1740595942814702 0.1769102221887592 0.9687135959217742 104.29631805419922
0.9763674037546978 -0.016921308353163585 0.21545385169202302 -3.4848225116729736 0.08637948514474891 0.944391976033996 -0.3172733524088219 -2.8613171577453613 -0.19810420851521354 0.32838615215356076 0.9235351956706033 110.7151870727539
0.9388949237319772 -0.06901511070654709 0.3372139331114412 -3.8225724697113037 0.18239547809654016 0.9305918564068157 -0.3173809798322056 -2.5897436141967773 -0.29190445656114783 0.35949368740421495 0.8863160141598828 101.2031021118164
0.9905325085807324 0.10246434920383617 0.0913586700154712 -4.4968109130859375 -0.0875757470759526 0.9841417186051997 -0.15425811558842778 -2.811521530151367 -0.10571583594168953 0.14479687442427164 0.9837977572591389 110.19725799560547
0.9889009840383983 0.1273636111741289 0.07650721741491383 -5.224076747894287 -0.11878293420036841 0.9870482137478668 -0.10782596292125815 -2.7769529819488525 -0.08924941630418955 0.09754144906567103 0.9912215733142266 109.75316619873047
0.9796863670866296 0.19918492940925875 0.023237599721781202 -5.975955963134766 -0.19874333728850424 0.9798475099079764 -0.019998580213739632 -2.842459201812744 -0.026752720011784727 0.014974018277207922 0.9995299248889973 113.136474609375
0.9771301401131488 0.2123849358097724 0.01045601853178929 -6.015653133392334 -0.21224695410226935 0.9771308055796835 -0.01290810836289147 -2.875605583190918 -0.01295838557720166 0.01039364364781869 0.9998620166877802 114.33557891845703
0.9951738046143197 0.0784585638108472 0.05893515397620148 -4.548978328704834 -0.06568254191602285 0.9788100519473278 -0.1939502149891018 -3.063905715942383 -0.07290337644381953 0.18914316263510061 0.9792394812973393 119.20445251464844
0.9811013610491197 0.18893170879817853 0.04177234441787254 -6.247169017791748 -0.18860719281834623 0.9819839356843464 -0.011613650376381488 -2.8361802101135254 -0.04321395798521887 0.0035156035729204437 0.9990596550590811 113.15638732910156
0.9797775392101322 0.19828532390614576 0.026812384876642364 -6.410950183868408 -0.19836360700818825 0.9801284655432204 0.0002654177720517784 -2.9161925315856934 -0.026226953197795992 -0.005578651748186102 0.9996404481465492 115.98815155029297
0.9671094527847253 0.2542564164675163 -0.007278806188280237 -7.5658979415893555 -0.2523247261502163 0.9625892891724955 0.09876281154163533 -3.0338902473449707 0.03211757941763389 -0.09367782584735357 0.995084381365151 121.3463363647461
0.9598041271651939 0.27648120272492943 0.04831337306002106 -6.6228742599487305 -0.2805360029921064 0.9503558265860537 0.1346230065744764 -2.7881479263305664 -0.008694164817459375 -0.14276535789089428 0.9897183761476857 112.02256774902344
0.983444808949094 0.16781999042744936 0.0683575786874537 -6.392691612243652 -0.16465531869817593 0.9851032321593931 -0.04960088722512439 -2.8597235679626465 -0.07566329212691401 0.037524296156599676 0.9964271139538856 113.9337158203125
0.9724162360369139 0.23040647405104647 0.03632520622330635 -6.323403358459473 -0.23218433008883443 0.9710396602353271 0.05632419649901892 -2.9610865116119385 -0.022295756389960335 -0.06320470682967663 0.997751504274273 117.32992553710938
0.9548065178244407 0.29533418373798387 0.03349975277199267 -6.953125476837158 -0.296869636446139 0.9420454154129696 0.15626533286606664 -2.8980753421783447 0.014592206012220521 -0.15914821775698323 0.9871468544793488 115.8279800415039
0.9598236113593379 0.2779785655090451 0.038295589754587134 -6.714784622192383 -0.2805985179576115 0.9516814754974384 0.1247671467775467 -2.918595790863037 -0.001762610878811164 -0.13050013912847533 0.9914467241815558 116.31401824951172
0.9654586970838452 0.2594050120886899 0.02446515743726451 -7.554257392883301 -0.2605371643474808 0.95998999384196 0.10266254291165197 -2.9470362663269043 0.0031448718475105813 -0.10549052766281747 0.9944153349352989 117.8911361694336
0.9664961321300481 0.2566583802562774 -0.0034208802786628734 -7.286717414855957 -0.25524951334369816 0.9624256955229437 0.09265239627221622 -3.0357327461242676 0.027072357035582605 -0.08867500460334171 0.995692638841493 120.7248764038086
0.9877645634306061 0.14281099968388794 0.06265928183463787 -6.651936054229736 -0.1395975438317455 0.9887893112086605 -0.05299267681148634 -2.92297101020813 -0.06952476527747448 0.04359720643334046 0.9966271070988992 116.2642593383789
0.9842387572022021 -0.02092570645628123 0.17560234517332068 -5.291645526885986 0.06789045239189928 0.9615981620454777 -0.2659320612953288 -3.0288641452789307 -0.16329407611756086 0.2736623641644295 0.9478628356174997 118.71678924560547
0.951798788210378 -0.10867835102566592 0.28682413214302305 -5.362915515899658 0.22038937096883943 0.8926942496937667 -0.3930973183928408 -3.1509385108947754 -0.2133250850819366 0.43736254135673913 0.8736168585213768 123.00992584228516
0.7255181063152407 -0.14313189275186453 0.6731543201124209 -4.582191467285156 0.5198500273589785 0.7549461259373205 -0.39976530112942604 -2.9889590740203857 -0.45097608191966926 0.6399762559732197 0.6221342020230711 116.15367889404297
0.3169280928864927 0.011881923491379232 0.948375138768133 -0.9170084595680237 0.6607087547802675 0.7146183280305878 -0.2297489643055558 -2.930147886276245 -0.6804561156283622 0.6994136581000632 0.21863213297008466 109.63565826416016
0.5738714782805928 -0.08350661164014272 0.8146767286650759 -1.600134253501892 0.6205772922544428 0.6934560648844228 -0.3660635333014687 -3.068366527557373 -0.534373793101974 0.715643299338011 0.4497769640148494 115.71117401123047
0.3287948502452578 0.04292018383741564 0.9434255690151508 1.3335040807724 0.6639182459059054 0.699945939141256 -0.2632266039610948 -3.053982734680176 -0.6716446301470923 0.7129050007532756 0.2016431270724296 111.73173522949219
0.5179748283375994 -0.08023020987693319 0.8516250293595988 -1.5517137050628662 0.6231738536327086 0.7173970182240476 -0.31144159386922765 -2.9031758308410645 -0.5859662322670085 0.6920293575176915 0.42159096643127625 109.70232391357422
0.3364244216928505 0.04258079931001996 0.9407473008299048 1.0504778623580933 0.6674610571803443 0.6939310453648668 -0.2701026497954448 -3.0531840324401855 -0.6643149446131169 0.7187813157066225 0.2050343253085405 112.13968658447266
0.3953010010474352 0.009447098280798094 0.9185030598234111 -0.200810968875885 0.6584114573241981 0.6943348817059192 -0.29050546451082965 -2.9964394569396973 -0.6404931470633556 0.7195900391059484 0.26825119605395714 111.32936096191406
0.2501567558809673 0.07937648654898394 0.9649460973910664 2.2050750255584717 0.6607002529374131 0.7145262129523963 -0.23005970262596073 -3.061506509780884 -0.7077406115629856 0.6950911194850975 0.1262994946838878 111.0246353149414
0.21648103256420953 0.0854805158971233 0.9725374254710689 2.5811538696289062 0.653755875761417 0.7271455176216326 -0.20943412116985693 -3.0901622772216797 -0.7250787663746304 0.6811405711046211 0.10152982294830609 111.59636688232422
0.08331844585064019 0.16396498682333607 0.9829412595252359 4.9529829025268555 0.6076879119206513 0.7733874251496098 -0.18051950677413128 -3.142244338989258 -0.789793288327112 0.6123621262916903 -0.03520210216687636 110.9608154296875
0.05842536763166395 0.18933964928367764 0.9801719102413818 5.846726417541504 0.6127589742355711 0.7683247216647997 -0.1849420492275332 -3.300499439239502 -0.7881071728584103 0.6114144415107011 -0.0711299149534273 115.6124496459961
0.017765366173085217 0.21025937877968862 0.977484212353282 7.2645649909973145 0.5941737271313299 0.7840626803100161 -0.17945276629781415 -3.4068398475646973 -0.8041405186605141 0.5839834817700355 -0.11100143813548757 117.9283218383789
-0.059548072152223575 0.2001186917776971 0.977960396081629 8.78566837310791 0.5095724670224726 0.8485279350186001 -0.14260520448322075 -3.3330373764038086 -0.8583646823789901 0.48984982667574073 -0.15250317816413583 113.7398452758789
0.01706029839555856 0.10364849142602423 0.9944676648558081 5.187611103057861 0.5604978214132155 0.8226478130164706 -0.09535600626209872 -3.0724666118621826 -0.827980155806704 0.5590237615382082 -0.044060136472538314 108.27742767333984
-0.038268482983566 0.11280811684447659 0.9928795757714727 6.784661769866943 0.5146733753471517 0.85390536439838 -0.07718125005750834 -3.07232666015625 -0.8565318674275385 0.5080550732210758 -0.09073699716995787 106.77893829345703
