1.000000e+00 1.197625e-11 1.704638e-10 1.110223e-16 1.197625e-11 1.000000e+00 3.562503e-10 0.000000e+00 1.704638e-10 3.562503e-10 1.000000e+00 2.220446e-16
0.9852276201318254 0.06716693850533277 0.15752821620649468 -5.039694786071777 -0.06987496434588227 0.9974870296205396 0.01170961555536152 -0.116225466132164 -0.15634585343731047 -0.022543915157166687 0.9874450597386901 10.327527046203613
0.9499863697713586 -0.004083434093258746 0.3122646678935059 -5.395617961883545 0.012363646209914994 0.9996223593516953 -0.02454137193692248 -0.0842525064945221 -0.31204653098701735 0.027174698713257592 0.949678102437248 8.916999816894531
0.9652052033762821 0.014068421822481712 0.26111490743114235 -5.144485950469971 -0.01045184328242001 0.9998293262193924 -0.015234086899943983 -0.09955494105815887 -0.2612846615233069 0.011974887853338482 0.9651875090952795 9.4080171585083
0.9592356042173158 0.004294089213017542 0.2825749748291088 -5.133160591125488 0.0014189645130491665 0.9997987714753079 -0.020010074866811906 -0.0964338481426239 -0.28260403773044634 0.019595340116858314 0.9590364854916381 9.207576751708984
0.9286630506849511 -0.021584237703601416 0.37029590731639794 -5.350035667419434 0.033612772937509576 0.9990950968011117 -0.02606087188542633 -0.08227314054965973 -0.36939832131179395 0.03664844104094486 0.9285482066006574 8.630728721618652
0.9429437827529451 -0.0021779379819968827 0.3329448590288089 -5.112249374389648 0.009321648120980273 0.9997593092160691 -0.019860274724110477 -0.09483838081359863 -0.3328214678230289 0.02183071739442137 0.942737126846169 8.982063293457031
0.975598532970136 0.04256369562517746 0.21539692263643315 -4.497851848602295 -0.04308881052936187 0.9990686910122424 -0.002259434940198343 -0.12312887609004974 -0.21529249144752602 -0.007076895775089915 0.9765239683041606 9.763298034667969
0.9666080019334039 0.02725384161584446 0.2548061983459013 -4.653882026672363 -0.02599678309246367 0.9996275659794384 -0.008300397753520102 -0.11561417579650879 -0.25493751757471034 0.001399089418768909 0.9669565164378604 9.524459838867188
0.9764415541122686 0.04070109135759226 0.21190873640583693 -4.529643535614014 -0.04080024098163553 0.9991596864109692 -0.003906582518558272 -0.1277899444103241 -0.21188966878698454 -0.004831378005783169 0.977281651341059 10.043633460998535
0.9674235463189291 0.031329167333636825 0.2512173666407006 -4.854076385498047 -0.03006148434392458 0.9995085782857909 -0.008883078979576218 -0.11121262609958649 -0.2513722124395359 0.0010417328344613785 0.9678899346547389 9.59805679321289
0.9365412863279543 -0.004849603823140214 0.35052375147190723 -5.342364311218262 0.01271650446823644 0.999716194299249 -0.020145008561322668 -0.08735331892967224 -0.35032657552245466 0.02332406908292429 0.9363371605805918 8.940669059753418
0.9360580148438516 -0.008566653207128438 0.35174138980139413 -5.302548408508301 0.01637796131210934 0.9996807797800538 -0.01923800721494788 -0.08762551844120026 -0.35146430150137087 0.023768697717210616 0.9358995105132715 9.01932430267334
0.9781480847555989 0.035989625217795425 0.2047707771280757 -4.514413356781006 -0.03462196302605191 0.9993478234600726 -0.010259016611641974 -0.1274692863225937 -0.20500644859412623 0.0029452711756093185 0.9787561909957585 10.226582527160645
0.9935943890788237 0.10336946363722137 0.045661186783005764 -3.3796424865722656 -0.10444836819148388 0.994289057963754 0.0219045108524941 -0.20047183334827423 -0.0431361608539238 -0.02653343552772584 0.9987168009129919 12.178139686584473
0.9924096871636118 0.10725621661867296 0.06015909590802046 -3.2218353748321533 -0.10900518525534333 0.9936858456665831 0.02657648790445689 -0.19807535409927368 -0.05692874854825443 -0.03293241744141732 0.9978349429991885 11.89168930053711
0.9926103945599372 0.11465537814503879 0.039733472966560116 -2.8384621143341064 -0.11592699580954749 0.9927636577130284 0.031324935224552014 -0.2294502705335617 -0.035854375662384086 -0.03569963846690022 0.9987191795290573 12.688405990600586
0.9908538813911384 0.09436036165376883 0.09646091374585784 -1.5355491638183594 -0.09635649223037342 0.9952144124685051 0.016238830623731666 -0.29685497283935547 -0.09446698966926943 -0.025384943638665274 0.9952042968653662 12.298042297363281
0.9783672239030947 0.041676031970155424 0.2026343592567016 -2.1167593002319336 -0.04172675996957063 0.9991209580515732 -0.004023516440650798 -0.24424345791339874 -0.2026239193545354 -0.0045187986599241475 0.979246203854821 10.78167724609375
0.9923479803844222 0.08341499292824645 0.09103529415418703 -1.7657928466796875 -0.0845651138254857 0.9963787075671444 0.00884379050577056 -0.28644859790802 -0.08996792400984592 -0.01647452765962974 0.9958083965240256 12.201384544372559
0.9948599772084246 0.07879770551437545 0.06359675584904272 -1.4129976034164429 -0.07923917586751927 0.9968457198389834 0.004445654792641142 -0.3140469193458557 -0.06304584646659396 -0.00946215854700947 0.9979657753645371 13.023344993591309
0.9950599324014895 0.07634687761968088 0.0634577434744448 -1.0938667058944702 -0.07665776516058188 0.9970543915022387 0.002475363950095552 -0.3260321021080017 -0.06308183549745561 -0.007327664281735601 0.9979814564241392 13.10605525970459
0.996670990945386 0.08128364283835567 0.006317057453370566 -0.5881673097610474 -0.08130047999900421 0.9966866120295166 0.0024554741000186358 -0.37940680980682373 -0.006096536711450967 -0.0029608796076466175 0.9999770324522835 15.185091018676758
0.9967278442497852 0.08081346083836219 -0.0016700432637144112 -0.4171314537525177 -0.08080932489034265 0.9967266620886022 0.0024112429327296874 -0.39117568731307983 0.0018594375341015482 -0.002268397901623765 0.9999956984222567 15.591594696044922
0.9960013002124475 0.0850362023493193 0.027390769706596367 -0.6811226606369019 -0.08520787604617316 0.996349831807331 0.005160476451197973 -0.36134669184684753 -0.02685196147051766 -0.007473750565077836 0.9996114821357731 14.292306900024414
0.9965400499222999 0.07742837130714289 -0.0302121865740086 -0.5262860655784607 -0.07765115290191041 0.9969608753544338 -0.0062698856070086875 -0.4053609073162079 0.029634900942362312 0.008594203234974935 0.9995238427956044 16.55693244934082
0.9952970443737493 0.08451647440931633 -0.04733665613769811 -0.8615822196006775 -0.08479793060764902 0.9963902759115961 -0.0039659845529265 -0.4098093509674072 0.046830592837798196 0.007961383185922355 0.9988711187897203 17.28989601135254
0.9967359799117755 0.07857917088714808 -0.01851216497337054 -1.1491305828094482 -0.07872414426208546 0.9968701763767426 -0.0072360597568636685 -0.3751685917377472 0.01788562158593504 0.00866979545842482 0.9998024500806117 16.01888084411621
0.9977760682643313 0.06301145361227094 -0.021736474245862707 -1.0434952974319458 -0.06351424197168605 0.9977095428528003 -0.023272498087185386 -0.3828349709510803 0.020220253849409005 0.02460131732498405 0.9994928296491881 16.321006774902344
0.9965484675740899 0.056687936074958756 -0.06064346361558043 -0.8598551154136658 -0.05879370642950296 0.99770720031389 -0.033520777528280234 -0.4238124489784241 0.05860419660753195 0.036970533474382346 0.9975964754321283 18.199909210205078
0.9959703237064909 0.06515183096009718 -0.06163078142077408 -0.8203079700469971 -0.06707909946045874 0.9973044850359666 -0.029734803559463188 -0.4269430935382843 0.05952737783207146 0.03374911924321736 0.9976559969442099 18.239341735839844
0.9934139564498897 0.0698903445004043 -0.09079675586821301 -0.22688955068588257 -0.07237454399033041 0.997080047107807 -0.02435785379883843 -0.54892897605896 0.08882925482502255 0.030768805714695334 0.9955715163071526 21.973114013671875
0.9926190228979334 0.058887403401817605 -0.10601768296724812 0.3562099039554596 -0.062319258462540945 0.9976245833798355 -0.02935133150112196 -0.6361644864082336 0.10403742310260933 0.035741633381832665 0.9939309584862358 24.539640426635742
0.9911469179212603 0.06931732375260174 -0.11323822553786056 -0.6728425025939941 -0.07161404585026046 0.9972986171595668 -0.016336971829951884 -0.5513272285461426 0.11179989057303757 0.024301786753093746 0.9934335446462758 23.28976058959961
0.989365097076859 0.07991901240053147 -0.12153047413312172 -0.7963589429855347 -0.08136792783813994 0.9966595608736685 -0.006998574028614183 -0.5633342266082764 0.12056518985770694 0.01681282772261823 0.9925630276302584 23.82765769958496
0.9842317923337595 0.10680286342044612 -0.1409997422858236 -0.7465389966964722 -0.10723289108390038 0.9942234422912877 0.00456660357930916 -0.6770675182342529 0.14067297547597227 0.01062521358165253 0.9899991004072077 27.71710777282715
0.985122421359806 0.0909866848155802 -0.1457917628690421 -0.7753995656967163 -0.09169408262697595 0.9957854591113341 0.001874735615163714 -0.6962475180625916 0.14534789350172928 0.01152139786222689 0.989313523230078 28.70047950744629
0.9877610347316398 0.06295594715137873 -0.1427048947449016 -0.5398632287979126 -0.06571541929027408 0.9977300870000447 -0.014702284257452475 -0.7479219436645508 0.14145537081844617 0.023900255503995594 0.9896560795819223 30.46928596496582
0.986241727110182 0.08608686400420439 -0.14112514854783104 -0.1558021903038025 -0.08707817414924153 0.9962011167208998 -0.0008524264583483453 -0.695717453956604 0.1405156478601587 0.013129618804601492 0.9899913968396322 27.962268829345703
0.9827077599751578 0.10943904883254348 -0.14936048029929413 -0.47887465357780457 -0.108967994310143 0.9939803577150069 0.011358903678239747 -0.7387117743492126 0.14970449125070465 0.005113029177997145 0.9887175644399125 29.71360969543457
0.9837866707614942 0.09963526903587738 -0.14911941388083508 -0.49993467330932617 -0.09935225227995906 0.9950082552166548 0.009364935536759439 -0.7435701489448547 0.14930812569620863 0.0056022508741237825 0.9887748471650301 30.003944396972656
0.9855021464321021 0.08869881811956218 -0.1446306988225958 -0.09673774242401123 -0.08917609341364824 0.9960107588625533 0.0031925841446919867 -0.7306369543075562 0.14433691052949646 0.009751302181425978 0.9894805548188235 29.194873809814453
0.9805271780116894 0.12667883867233937 -0.15006307011740033 -0.08597786724567413 -0.12351760420302915 0.9918814925706622 0.030240802696671683 -0.7524343729019165 0.15267565173391673 -0.011116498028723306 0.9882138274883634 29.70555305480957
0.9768977812882421 0.1454439996928085 -0.15657831225130878 0.2860794961452484 -0.14167911243608325 0.9892935749518098 0.03500359493525901 -0.8308415412902832 0.15999298113802904 -0.012011057922861546 0.9870450751987673 31.85011100769043
0.978502145137077 0.12591227161233917 -0.1633390700951823 0.12707793712615967 -0.12407775352423088 0.9920411336756191 0.021426623065066652 -0.8791592121124268 0.16473695105384997 -0.0006992517520641884 0.986337289168603 34.0495491027832
0.9806226410343161 0.11412990558773015 -0.15922813991697204 0.3023945391178131 -0.11319239535446862 0.9934602260354449 0.014975343719610654 -0.8791642785072327 0.15989595843798143 0.0033382534563172863 0.9871282280124811 34.052825927734375
0.9843642202008294 0.086178024243553 -0.15362431489152548 0.2750108540058136 -0.08824505855243056 0.9960764325548489 -0.00667458986632631 -0.9088324308395386 0.15244635656351738 0.020126814111606352 0.988106785587583 35.43092727661133
0.9871075374485848 0.06948093045109692 -0.1441912265564039 0.4716614782810211 -0.07184948369393838 0.9973517183702728 -0.011278366760218247 -0.8604252338409424 0.1430257361634781 0.02149302602039433 0.9894855676700804 33.66139602661133
0.989967186138038 0.04935389330072338 -0.1323977476620945 0.22170116007328033 -0.05198544398559741 0.998511663432597 -0.016491561560026225 -0.8707447052001953 0.1313867724832114 0.023208860487508472 0.9910594658300358 34.6104621887207
0.991987778248535 0.02128939336774723 -0.12452714377021801 -1.0816676616668701 -0.023977997458522974 0.999509768103379 -0.020131544993085546 -0.9191854596138 0.12403750821188844 0.022956158127240764 0.9920119512186447 38.60137176513672
0.9906289388772973 0.042501120497905026 -0.129799692662437 -1.0282130241394043 -0.04344384875014999 0.9990460093413364 -0.004438831481966521 -0.9520636796951294 0.12948720965645463 0.0100362331366785 0.991530300374029 39.62133026123047
0.9793199707466735 0.1209350868560245 -0.1621946351266287 -0.8748488426208496 -0.11917143164065597 0.9926600617777661 0.020595427455577808 -0.998305082321167 0.16349484633299874 -0.0008405465408375286 0.9865438300978127 40.5222282409668
0.9889008324011088 0.06179668053130513 -0.13511592782387158 -1.2629666328430176 -0.06261072400492305 0.9980364372645828 -0.0017796437276925278 -1.0192421674728394 0.13474064314813558 0.01021959722934208 0.9908281984867491 42.37767791748047
0.9915422813079022 0.036899139010768925 -0.12442812350503606 -1.3177199363708496 -0.03945011461451896 0.9990576035788395 -0.018099535579879672 -1.0294232368469238 0.12364300560736087 0.022855158533030627 0.9920635306737204 43.014923095703125
0.99255900234296 0.020469494375879086 -0.12003177357659664 -0.8570329546928406 -0.023983769082938495 0.999322772008499 -0.02790656134004338 -1.0286167860031128 0.11937925149926093 0.03057772302257273 0.9923777492297128 42.44895553588867
0.9875641393524569 0.06669805111432922 -0.14236727377663608 -0.5457797646522522 -0.06906066427230459 0.9975436928745031 -0.011713473292208072 -1.0040912628173828 0.14123631018725094 0.02139978466829899 0.9897445902357038 40.76015853881836
0.9887147692121507 0.05051822628487729 -0.14103550600750578 -0.7540401220321655 -0.05642268902914674 0.9976765876434772 -0.03818254353480167 -1.108149766921997 0.1387789079957162 0.04570924721647419 0.9892679512722624 44.95338821411133
0.9844930806356875 0.08034895137163728 -0.15594043796889911 -0.6224890351295471 -0.08540089190701244 0.9960083926795327 -0.02596092011891781 -1.0975428819656372 0.1532320522669477 0.038875798710924524 0.9874252429590036 44.175445556640625
0.9774142739875831 0.11450134595386566 -0.17762538889494034 -1.1793010234832764 -0.11875141226361385 0.992832950197897 -0.013447493697236216 -1.1958668231964111 0.17481258275857275 0.03423703807418454 0.984006293746734 48.27898025512695
0.9853675804900547 0.08000635293996465 -0.15049822194438411 -1.4612140655517578 -0.08447016395166408 0.9961489794848046 -0.02349472437295158 -1.1230896711349487 0.1480389229937663 0.03586354919173208 0.9883310594725927 46.23527526855469
0.9769951519127353 0.124822129981064 -0.17291590154176623 -1.5832021236419678 -0.127216271778461 0.9918710818719594 -0.0027887525773479943 -1.140143871307373 0.17116218429840213 0.024722314073308074 0.9849326443229814 46.7255744934082
0.9854877833706688 0.07804004071871687 -0.15074342729216128 -1.9556233882904053 -0.0836278722904116 0.996012191308021 -0.031082048548529792 -1.1252800226211548 0.14771664700819848 0.04323733121291794 0.9880841691810673 47.119808197021484
0.982890774211774 0.0899381181663837 -0.16073848596421722 -2.0979437828063965 -0.09626207769662565 0.9948420503802209 -0.03198292032955325 -1.1577181816101074 0.15703292128374882 0.046908737948993535 0.9864787032354648 48.4290771484375
0.9869034293205038 0.06476322027719378 -0.14774080849500154 -2.081380844116211 -0.07233403148719478 0.9962980283205517 -0.046454565474130925 -1.1632041931152344 0.1441853289493718 0.056532858267634746 0.9879345255895517 48.8458251953125
0.9909440096989452 0.023213833225193322 -0.13225387551512097 -2.3704299926757812 -0.03417032104548218 0.9961129887025549 -0.08118683943664659 -1.2543120384216309 0.1298551454561 0.08497076959199598 0.9878854232721113 52.91112518310547
0.9854717470998758 0.06473629484060009 -0.15701798558836916 -1.9634928703308105 -0.07574242390278876 0.9949968109977476 -0.065149300269786 -1.2039177417755127 0.15201487061879393 0.07609571758399665 0.985444529578468 50.29965591430664
0.9846457096408743 0.0674185360652717 -0.1610203946108511 -1.9560613632202148 -0.07987765115550183 0.9941869649979811 -0.07219307081695918 -1.3423168659210205 0.15521722627240347 0.0839465283553655 0.9843071639713808 55.32318878173828
0.9767690171723645 0.11766526954009884 -0.17910100903174453 -1.7743749618530273 -0.12722683577781113 0.9909484687214928 -0.042830650199296785 -1.4176781177520752 0.17244019064620353 0.06462210676374248 0.9828979417860821 57.564693450927734
0.9821744421932385 0.09403842713681802 -0.16275791631756226 -1.669124722480774 -0.10590873717842712 0.9921935216374763 -0.06584341280564128 -1.4662984609603882 0.15529553918793698 0.08190720262746497 0.9844666097263389 59.47587966918945
0.9817989401049501 0.09226402934565267 -0.1660065965487548 -1.7012503147125244 -0.10394659165045539 0.9925791030389362 -0.0631017455754937 -1.4535188674926758 0.15895265739537032 0.07920904682752725 0.9841036427163677 59.10953903198242
0.9832965134589331 0.07871637982898845 -0.16410879978271933 -1.9174350500106812 -0.09101648033512559 0.99346858705258 -0.06881981434990928 -1.404693365097046 0.157619690796905 0.08260688885540177 0.984038685716532 57.634788513183594
0.9789679726106073 0.12680771324076123 -0.1598171219404429 -2.298344850540161 -0.13544478229243112 0.9897932489213034 -0.04431743832360953 -1.5894103050231934 0.15256611534817766 0.06503174803478584 0.9861513333130504 64.76580810546875
0.9763357706083664 0.12044607014708351 -0.1796140507217935 -2.1916511058807373 -0.1306668789878845 0.9903511985378656 -0.04615918424515775 -1.4340331554412842 0.17232129806304478 0.068536470150838 0.9826536126698615 58.7791633605957
0.9776706731214004 0.10830718217885806 -0.1800822290144776 -2.270984411239624 -0.11913896440166911 0.9915960039638542 -0.05043086440081488 -1.401210069656372 0.1731067938575633 0.07075958741676786 0.9823579381818845 57.71038055419922
0.9807528457544012 0.09720967725650949 -0.16933438573523327 -2.300229072570801 -0.10902527610831374 0.992108903702872 -0.061914556955462705 -1.465498447418213 0.16197945769186126 0.07918460608710852 0.983611942508162 60.3187141418457
0.9953524957505672 0.004098594073559866 -0.09621128171756822 -3.441586494445801 -0.01314923923569877 0.9955205868193195 -0.0936261647534491 -1.5459165573120117 0.09539657599012376 0.09445614191537686 0.9909477940556822 65.87116241455078
0.9914931590373116 0.05835877649312003 -0.1163424633933729 -3.0971579551696777 -0.06642836470237987 0.995557184268741 -0.06673204038438921 -1.6130871772766113 0.11193117503707295 0.07389280111839178 0.9909648157213746 67.55001068115234
0.9887259408804294 0.07800399568937647 -0.12781389003782626 -2.987226963043213 -0.08632436801935367 0.9944040928003621 -0.06089830628144255 -1.6155506372451782 0.12234834414968186 0.07124518845775435 0.9899267679002576 67.37357330322266
0.984576958779959 0.12213426515870376 -0.12526545219552893 -2.7214622497558594 -0.12903008502087773 0.9904554435566177 -0.04846907765337193 -1.7042006254196167 0.11815011383452817 0.0638845490177944 0.99093860304142 69.9181900024414
0.9868855743012481 0.11045883428332567 -0.11771027637748772 -2.6276538372039795 -0.11813436514792716 0.9911627414097256 -0.06033814558182564 -1.7033542394638062 0.11000515900262113 0.07345247422603386 0.9912131955451773 69.85343933105469
0.9918684276590295 0.09968800483554736 -0.07911588908121978 -3.007479429244995 -0.10587729560493071 0.9912897654129059 -0.07832368264459605 -1.803176760673523 0.0706188394735435 0.08606336432845954 0.9937837173308265 74.18097686767578
0.9909562846402178 0.10278967486353155 -0.08625499796246454 -2.941175699234009 -0.10845195252002368 0.9920560421673582 -0.06374153429147186 -1.792349100112915 0.0790178203106731 0.07251959694238394 0.9942319106388932 73.72771453857422
0.9883710596374286 0.13054575689498532 -0.07797726481418712 -3.1585893630981445 -0.13553895983987796 0.9887935406280192 -0.06258214104542438 -1.8553528785705566 0.06893358279322512 0.07242333442351874 0.9949889556142161 76.1051254272461
0.9872303761562315 0.1438345404820788 -0.06846757888763963 -3.4388906955718994 -0.14758082301014633 0.9876180071975627 -0.05320312527251872 -1.9344165325164795 0.059967366742869344 0.06262824301722573 0.9962337166059488 79.2022705078125
0.9938983977823149 0.0923989479588687 -0.06023627895082347 -3.6303458213806152 -0.09640456943758023 0.9930589285658622 -0.06738043771879454 -1.9183835983276367 0.05359229307747448 0.07277636162735707 0.995907358799493 79.44720458984375
0.9928022835497807 0.10636283374185626 -0.05505064374504367 -3.309093713760376 -0.1103989574285767 0.9909489053142176 -0.07636974044238876 -1.9361014366149902 0.04642947315041148 0.08189758638053238 0.9955586820313603 79.4293212890625
0.9907564111197259 0.12111706745594808 -0.06109328765119632 -3.376358985900879 -0.12564896652380753 0.9890991920310063 -0.07677972085850165 -1.9108474254608154 0.051127986823848136 0.08374630913945799 0.9951746000922946 78.4339828491211
0.9944296642186838 0.09300127754987697 -0.04960247268036856 -4.259849548339844 -0.09637085787902244 0.9928437030128832 -0.07052686820870029 -1.9688844680786133 0.04268841380957156 0.07491424271630108 0.9962758431100627 82.02821350097656
0.9929059302079213 0.10530339551186013 -0.05521782910994541 -3.5672476291656494 -0.10914419083719429 0.9914227412005044 -0.07189223766841321 -1.9514110088348389 0.047173714761893526 0.07740893439487626 0.9958827729765252 80.33724975585938
0.9931352249227067 0.10556557892775352 -0.05038187733077027 -3.7159647941589355 -0.10900519839352175 0.9914834381451467 -0.07126330477228554 -1.9818716049194336 0.042429844931527884 0.0762659847476379 0.9961843242239657 81.62805938720703
0.9878729490053821 0.1463195251500521 -0.05193874452922976 -3.943054437637329 -0.14961217536480398 0.9865078259456707 -0.06647184614975789 -2.0121636390686035 0.041511848983398165 0.07343640723652826 0.9964355776898826 82.72991943359375
0.9866263908836996 0.14997154663966247 -0.06385060696902212 -4.239990711212158 -0.15415232698232953 0.9858044996396068 -0.0665323122718371 -1.9689357280731201 0.05296626188186164 0.07548525477741884 0.9957391984919797 81.65299224853516
0.9803881513524293 0.18275487594202378 -0.0737545117750841 -4.600469589233398 -0.186877393249557 0.9809274078998628 -0.05346270029755411 -1.9572346210479736 0.06257725289604807 0.06619724881194954 0.9958423628615687 81.39342498779297
0.9774632300541961 0.20388433679902043 -0.0547431374698308 -5.483400344848633 -0.20616274920351993 0.9777093852092518 -0.039765297868781066 -2.093782663345337 0.04541535789646191 0.050155112219692544 0.9977083291149602 86.9700927734375
0.9784200090718931 0.20136646013820053 -0.04632315381282694 -5.620742321014404 -0.20341764183663508 0.9780631010048151 -0.04487575562001282 -2.098144054412842 0.0362704954112676 0.053330283931881994 0.9979179986243187 87.2266616821289
0.9817694300312506 0.18803913527706 -0.02775013261893331 -5.588737487792969 -0.18918952227573332 0.9808033144534918 -0.04724598414811843 -2.155527353286743 0.01833332804464788 0.05163469726162798 0.9984977451759753 89.16216278076172
0.982442178729233 0.18608292427273443 -0.013435428830734904 -6.1430182456970215 -0.18650278381345342 0.9814464427906497 -0.04449260122101627 -2.229095458984375 0.004906840489584365 0.046217152959565744 0.9989193649583143 92.14958953857422
0.9816323838197535 0.19025366849783984 -0.014191710942047521 -6.083763599395752 -0.19064718946172957 0.9810182006276147 -0.03545333817429637 -2.2686142921447754 0.007177199084040296 0.03750775467115704 0.9992705620365471 93.3177719116211
0.9779867666929023 0.20772568117463852 -0.019797109740952428 -6.073211193084717 -0.2082572174655396 0.9776061288256261 -0.030252078541555115 -2.240354299545288 0.013069642193795392 0.03370902346710589 0.9993462293869029 92.26207733154297
0.9793112238411059 0.20175151592475316 -0.015679690076629095 -6.271543979644775 -0.2022329392669116 0.9784987029839135 -0.04052316046737303 -2.21309232711792 0.0071669473488167705 0.042855735682203536 0.9990555644131291 91.57736206054688
0.9809876257611467 0.1940699873244726 0.0003436908311929389 -6.474830627441406 -0.1937634319831403 0.9795345241055277 -0.05447796354006462 -2.2383530139923096 -0.010909194728455428 0.05337561339447723 0.9985149139422707 92.57371520996094
0.981801462268299 0.18990313487088206 0.0016395286033275593 -6.274556636810303 -0.1895668588954897 0.9805087681310785 -0.05164263380746965 -2.2372467517852783 -0.011414670224191854 0.05039201310015789 0.9986642830898611 92.39122772216797
0.9814190233546817 0.19132441494477398 0.014548843376128925 -6.073265552520752 -0.19009719594498226 0.9798205506507415 -0.06176361887335574 -2.2643864154815674 -0.026072143973946818 0.05785029618349473 0.9979847626793127 92.92670440673828
0.9840203587765091 0.1754128122657464 0.03056597465110983 -5.88600492477417 -0.1720730142655647 0.9809654143513724 -0.08998740805247674 -2.2535147666931152 -0.04576910830366972 0.08328986216498496 0.995473750324751 92.48223876953125
0.9821080315764182 0.1859275458365323 0.029912572813064905 -5.871835231781006 -0.18320303712042926 0.9800712050271649 -0.0767924492801931 -2.31648850440979 -0.043594282915806026 0.06993840701506293 0.9965982930555579 94.41526794433594
0.9860350437002404 0.16438885283344348 0.026668289393381492 -5.991202354431152 -0.16222496498195368 0.9843114535395321 -0.06938316198831711 -2.281034231185913 -0.03765572110142866 0.06408796685024122 0.9972335629998288 93.60222625732422
0.9819799378841466 0.1870178037556249 0.027198210813766898 -6.090252876281738 -0.18541781459980208 0.9812449177919316 -0.05271285741200962 -2.425084114074707 -0.03654634895691978 0.046719935637027726 0.9982392558860781 98.19063568115234
0.9807270941270755 0.19463234797556261 0.017106021354541638 -6.126957416534424 -0.1938042931883267 0.9801750139246393 -0.0411926937648686 -2.408104658126831 -0.024784325426277724 0.03708357047740472 0.9990047777732657 97.72193145751953
0.9771238485574758 0.2115939129692088 0.0213775717658845 -6.115767478942871 -0.21040854922567395 0.9764556553633731 -0.04756674806660958 -2.4482808113098145 -0.030939085199368763 0.04198058007298195 0.9986392761672063 98.8017578125
0.9787918271322145 0.20438293273141062 0.01393470298531664 -6.626220703125 -0.2036010904537333 0.9780578552908169 -0.044152323494673476 -2.4306838512420654 -0.022652927078680662 0.04037881266252469 0.9989276231953609 98.8579330444336
0.9775025786519498 0.21066773550672865 0.010383349423759082 -6.773360729217529 -0.2100766111065551 0.976804418422678 -0.041484281552404564 -2.444016933441162 -0.01888190124892307 0.038369693332120466 0.9990852017915314 99.39812469482422
0.9791574989585732 0.20296218231035731 0.007546176847169929 -6.823094844818115 -0.20256730199189962 0.978598706271962 -0.03620856592803055 -2.4482829570770264 -0.014733648459021455 0.033925280170682054 0.999315763394347 99.71236419677734
0.9822583617603091 0.18740565826521197 0.006901449277992204 -6.984996795654297 -0.18705544720322628 0.9817187817785099 -0.035192231741107645 -2.3886983394622803 -0.013370505732960844 0.03327691021566432 0.9993567315142996 98.14680480957031
0.9839624615726447 0.17823482513322064 0.0070867006167965076 -6.99038028717041 -0.1778855331495443 0.9834272468905538 -0.03503694006856333 -2.4072163105010986 -0.013214057363437295 0.033214412278346754 0.999360891522677 98.80918884277344
0.9849537970018375 0.1720804326252702 0.015948118358071875 -6.942249774932861 -0.17137302240565042 0.9844593534096913 -0.038354513107654344 -2.4432313442230225 -0.022300335495585417 0.03504434607283507 0.9991369219707136 99.91657257080078
0.9849961604088634 0.17238150653397832 0.008196351924661562 -7.088964462280273 -0.17206725130061773 0.984627753563355 -0.03001746062929857 -2.5008704662323 -0.01324481066859706 0.02815675971871427 0.9995157686962701 101.96537017822266
0.9862108123507491 0.16534909391815117 0.006921758658134771 -7.218992233276367 -0.16509352536669136 0.9858715553889481 -0.028309082587987505 -2.5534884929656982 -0.011504846129900092 0.026775985797394722 0.9995752523447671 103.8619155883789
0.9819251369175517 0.1891897196361776 0.0055023152792294805 -6.7213897705078125 -0.18897958854360192 0.9816146202963943 -0.026822608640038062 -2.5063161849975586 -0.01047571493209161 0.025297968383849317 0.9996250658083317 101.63066101074219
0.9825618874256795 0.18578576528143642 0.00746905598299815 -6.605471611022949 -0.1855386161409633 0.982295763621205 -0.0258931398700491 -2.4814980030059814 -0.012147398856645043 0.0240558140711277 0.9996368133029079 100.73939514160156
0.9842891250276565 0.1760598414407692 0.013336063292500101 -6.661510944366455 -0.17565795213553714 0.9840826728249821 -0.02693653461729331 -2.498833417892456 -0.01786623082353108 0.024170752522222335 0.999548184190572 101.40880584716797
0.9837189837774649 0.17720410120371596 0.02992770409528326 -6.463466644287109 -0.17585370585767138 0.9834783641135716 -0.042962558776411 -2.595123052597046 -0.03704639107868995 0.03700018698704327 0.9986283348027776 104.18317413330078
0.9822891731709112 0.1833900623348148 0.03841959536539862 -6.243088245391846 -0.18108921838154213 0.9818336115733836 -0.05665204471798807 -2.6147308349609375 -0.04811107208502389 0.04869131566921882 0.9976544895509821 104.45191955566406
0.9801646484913077 0.17663154376882162 0.08988080770528449 -5.618118762969971 -0.16683963046898254 0.9801811693071476 -0.10681485402623717 -2.573707103729248 -0.10696634775893223 0.08970046310647373 0.9902080727632954 102.30229949951172
0.9863390765822149 0.1419854731294145 0.08351856935532137 -6.167418003082275 -0.13489079688629213 0.9871880730704787 -0.08523016662412332 -2.6238927841186523 -0.09454998108050783 0.07279995746984376 0.9928547060220162 104.87562561035156
0.989652109073862 0.12390414859056283 0.07236342285785091 -7.123923301696777 -0.11940208381475913 0.9908098385358918 -0.0635531764837368 -2.619429349899292 -0.07957289354013491 0.05425519166427754 0.9953514599331849 105.92991638183594
0.9863843204616762 0.13138660239678707 0.09891174378194545 -6.386743545532227 -0.12270545360401093 0.9884196087826153 -0.08927512884255745 -2.5594334602355957 -0.10949586295011585 0.07592257690996732 0.9910834567846237 103.06673431396484
0.9837852403723228 0.1174549490816227 0.13553942511979575 -5.961467742919922 -0.10053356842426632 0.9869758541747964 -0.12558528932886487 -2.641944408416748 -0.14852475364549392 0.1099226919801583 0.9827804431012966 105.2571792602539
0.9825944776967264 0.07717616379550153 0.168973169887138 -6.215726852416992 -0.05128469485663682 0.9869631998528007 -0.15255661968522496 -2.612359046936035 -0.17854403510999556 0.14123555458216122 0.9737425458757105 104.79168701171875
0.9692515984122311 0.03152054329561649 0.2440446564169854 -5.400984287261963 0.02370909619540945 0.9751852429355182 -0.2201172885495167 -2.655263900756836 -0.24492696407895173 0.2191351119997513 0.9444525318701436 105.540771484375
0.9763138449512069 0.04402308760684443 0.21183305670775412 -5.897377014160156 -0.0015408199287978291 0.9804706010358677 -0.19665967145887123 -2.640230178833008 -0.21635365037488388 0.19167516339349824 0.9573148540096608 105.50228118896484
0.9839151938463028 0.08147736781051873 0.15897273304897688 -6.501117706298828 -0.05677703231933226 0.9864138390080489 -0.15415611182957342 -2.6285059452056885 -0.16937313812822066 0.14265054065117275 0.9751736067657524 105.58013153076172
0.9660951747786963 0.06359539848554885 0.25023137005736285 -3.9804627895355225 0.006345631277976837 0.9630481620136215 -0.26925447184006013 -2.7826333045959473 -0.25810820644257826 0.2617133220408354 0.9299926294510865 108.11541748046875
0.9553500282197855 0.03942667845354496 0.2928341861985655 -3.940654993057251 0.049586390601082816 0.9556095173790948 -0.2904335382865597 -2.6933341026306152 -0.29128596507146065 0.2919862793362292 0.910986552717313 105.16297912597656
0.9808121769827334 0.0724446340230343 0.1809951614924005 -5.655444622039795 -0.03799688724575781 0.9816252400634837 -0.18699765942369778 -2.6104812622070312 -0.1912163958504204 0.17653232868677826 0.9655426592783971 104.0959701538086
0.9541283226780813 0.04078150342746793 0.2966075063812547 -3.4370036125183105 0.051642740061435585 0.9534137507278827 -0.2972124615858785 -2.8261353969573975 -0.29491044617384726 0.29889645180427576 0.907572994219394 109.0221939086914
0.9597628565012184 0.05170937472036455 0.2760097821575354 -3.340426206588745 0.03313193425864444 0.9551821547737759 -0.2941586750956138 -2.8884613513946533 -0.2788503796176403 0.2914673082315664 0.9150351217408775 110.95720672607422
0.9258515203899783 0.028867892204050283 0.3767832360804562 -1.7129608392715454 0.12562172217561876 0.9168590278211014 -0.37893100430101573 -2.949023485183716 -0.35639605091694987 0.39816600545832653 0.8452488905571912 111.64525604248047
0.9644900318434734 0.05935410861352626 0.25736368870776855 -3.3851656913757324 0.009721576180781843 0.9657841740608268 -0.259164851185896 -2.919612407684326 -0.26394027625797606 0.25246389627893345 0.9309121933053208 112.0123291015625
0.964806683997626 0.06171178118741691 0.25561635036941815 -3.316631317138672 0.0034595872465030576 0.9690094125122475 -0.246999574329092 -2.914407253265381 -0.26293743318437673 0.23919116732301213 0.9346932607572743 111.68395233154297
0.9784407007600144 0.06692111298723513 0.1953851574014818 -4.2773942947387695 -0.0283028336860286 0.9805694276627355 -0.19411992978186585 -2.932274341583252 -0.20457943372097084 0.18440488651260092 0.9613230950771348 113.43116760253906
0.9692189045546852 0.04371564993530264 0.2422883757107436 -3.8049654960632324 0.01553533360740214 0.9712893404685418 -0.2373934929645128 -2.9525976181030273 -0.24570992748263773 0.2338502919453374 0.9407128533689532 113.8321304321289
0.9530154232844068 0.046540862606989725 0.2993251594668265 -2.97973895072937 0.038818860050517545 0.9612162424513921 -0.27305023594936834 -2.863382339477539 -0.30042419856999225 0.2718405476661359 0.9142472409354889 109.88694763183594
0.9683271067791404 0.05674956500720455 0.24315036736191087 -3.9878089427948 -0.0054491175521892005 0.9783995840696842 -0.20665081904064925 -2.739147424697876 -0.24962556238222394 0.19878063478055857 0.9477200735668715 106.75714874267578
0.9677046899810438 0.07278091131257293 0.24135155258917004 -3.6484556198120117 -0.023735153841392145 0.979468038190469 -0.20019741415772305 -2.7781248092651367 -0.2509666819735579 0.18800346037194324 0.9495632803701698 107.60873413085938
0.9691238678828574 0.06676562119222795 0.23736318275289808 -3.5394506454467773 -0.023848511444036557 0.9835104818093943 -0.179271806687378 -2.943371295928955 -0.2454183717688499 0.16807582811894425 0.954735742915524 112.9729232788086
0.9660020721461723 0.0844157169126126 0.2443644477976104 -3.2508838176727295 -0.03462449191982503 0.9789189623570109 -0.20129284561843505 -2.971968412399292 -0.25620527154724076 0.18598831112734696 0.9485605974082003 113.46969604492188
0.918719990042031 0.05064744331630755 0.3916483325416969 -1.8245234489440918 0.08980474031896837 0.9389637825455609 -0.33208752413177917 -2.9859471321105957 -0.3845629838055306 0.340267323663695 0.8580964164552449 112.87409210205078
0.9476614939154923 0.07631199228117601 0.31002285848616995 -2.1357479095458984 0.00956291216160754 0.963795948831208 -0.26646935982874553 -2.982625961303711 -0.3191335827844626 0.2554874729818075 0.9126225438200195 112.80337524414062
0.9567385777760221 0.07308421625022385 0.2816202960196677 -1.8261059522628784 -0.00017371872338561162 0.9680804521666566 -0.2506395977386796 -2.9866445064544678 -0.29094890207203034 0.2397476495565546 0.926212611075442 112.64445495605469
0.92670037573814 0.03422040536362922 0.3742397326093784 -0.6759628057479858 0.09855016555357868 0.9388642162104521 -0.32988156721601725 -2.8986477851867676 -0.3626489741832346 0.3425827598935509 0.8666733953154241 108.85484313964844
0.8763839162247153 0.00432951911193051 0.481593694567205 0.624813437461853 0.20180030764774104 0.9046442284864171 -0.3753604343820643 -3.006211042404175 -0.43729608644019213 0.426145603204438 0.7919419534622582 111.50628662109375
0.8750769642144774 0.01405334350796461 0.483779712511203 0.673025906085968 0.1954895848473165 0.9041463075147842 -0.3798727113436895 -2.9577953815460205 -0.4427461224193826 0.42699175418692725 0.7884503236976776 109.80392456054688
0.8434617776293216 0.009595915120522006 0.5371034798727194 0.9989137649536133 0.23583869767881493 0.8917174693831382 -0.3862901286262601 -2.9583640098571777 -0.4826513631551718 0.45249074378370635 0.7498665137439615 109.67693328857422
0.8450666964082504 0.0012107990262762575 0.5346595295955773 0.6218176484107971 0.23874205923391534 0.893911890416525 -0.3793728526459218 -2.883770227432251 -0.47839785511057176 0.4482410803771477 0.7551260994614951 107.55762481689453
0.6672162705987537 0.017613258257909936 0.7446557737517592 2.9429447650909424 0.4046317443696032 0.8307791995763409 -0.38220292123387345 -3.0299575328826904 -0.625376366436007 0.5563233724056851 0.5471825158194135 110.85233306884766
0.2849170125042765 0.18788063880889305 0.9399591275935353 6.238113880157471 0.48861582784093893 0.8151719538603319 -0.31104542823009407 -3.1040265560150146 -0.824667732343731 0.5479010414301938 0.14045490390426796 111.16368865966797
0.03640504617014373 0.29837059984382835 0.953755554511838 9.372942924499512 0.3712043686834771 0.8820668776231595 -0.2901126334209375 -3.1320812702178955 -0.92783726444008 0.3645997923051577 -0.07864478474371306 108.8952865600586
0.009943597377826907 0.32704481482908204 0.9449565143246534 9.610896110534668 0.3483061704748864 0.8846890601401178 -0.3098517040093764 -3.2229135036468506 -0.9373280836933815 0.33221522536122 -0.10511473520818448 112.05921173095703
-0.04067193065456448 0.3542521923188779 0.9342650471328247 12.015496253967285 0.25958141212390057 0.906678985685436 -0.33249166515296374 -3.257059335708618 -0.9648643866039373 0.22899476228441912 -0.12883366916187095 110.61947631835938
-0.021977873174446327 0.3302891541369211 0.9436238910446497 11.06574821472168 0.3027844804403302 0.901723623044487 -0.30857100649283764 -3.1827950477600098 -0.9528056105498157 0.27893293513502615 -0.11982439735609784 108.83744049072266
-0.02283762915369525 0.34739969780864166 0.9374390074330716 10.469700813293457 0.31453724059306964 0.8925628372877051 -0.32310664767692254 -3.208662748336792 -0.9489703720215588 0.2874804888255652 -0.1296541614059431 110.4505844116211
-0.034171596297418116 0.3467925967730444 0.9373191541998356 10.921631813049316 0.29653550135950013 0.899151062187374 -0.3218603172197333 -3.2152724266052246 -0.9544102883141801 0.2669499245003192 -0.13356174365931928 110.15628814697266
-0.02496714609626538 0.3364826189049842 0.9413586398342829 11.281280517578125 0.30506000139113454 0.8993022819577293 -0.31335890160782387 -3.210703134536743 -0.9520057968137846 0.279347190500395 -0.12510039964959047 109.55998992919922
-0.017875849219104567 0.32062690175422365 0.9470368756739007 12.163915634155273 0.29117243491604167 0.9078030797114883 -0.3018479445207482 -3.246852397918701 -0.9565035635896812 0.2703552447019007 -0.10958546665692509 109.80843353271484
-0.037740947232044075 0.3373445649999574 0.9406244018560317 11.741361618041992 0.26698739997019466 0.9104804253806973 -0.31582134705516607 -3.190110921859741 -0.9629607204653694 0.23921546660609938 -0.1244291419935169 108.16864013671875
-0.0514061288671942 0.339116562309759 0.9393387924929428 13.014748573303223 0.21566503816114585 0.9221582791851018 -0.32111166195783464 -3.3020622730255127 -0.9751133273778183 0.18607542905387192 -0.12054017368735026 111.0478515625
-0.04446487187171527 0.3277318847640516 0.9437238403677396 13.443873405456543 0.2194719864028545 0.9247846639396122 -0.3108140481485418 -3.354543447494507 -0.9746050083771464 0.19330063903438408 -0.11304839934771982 112.4984359741211
-0.05526828710957149 0.33667104393109815 0.9399989492644757 15.174983024597168 0.1606980778799423 0.9321641782112273 -0.32441651102476166 -3.378847360610962 -0.9854549934957283 0.13312607948156469 -0.10562150707219692 111.36927795410156
-0.03796970753674195 0.2941510673212826 0.955004424546465 14.853652954101562 0.2205264362624766 0.9345975411106391 -0.27909770163747166 -3.3122479915618896 -0.9746416737544862 0.20000646425477742 -0.10035448189969548 109.37651824951172
