0.7529719695403032 -0.18950487806187058 0.6301754630873468 39.636558532714844 0.5256551019512928 0.7493183517201253 -0.4027514389397141 -5.252873420715332 -0.3958786769695641 0.6345154915100103 0.6638299211052763 121.95982360839844
0.758038136967651 -0.19193152990623394 0.6233301458540771 38.927249908447266 0.5221173396882336 0.7513279422007929 -0.4036084821522009 -5.16151762008667 -0.39086016233365906 0.6314020993758053 0.6697460133545636 119.88028717041016
0.8014452203036012 -0.20301356071264762 0.562557599734715 35.4921760559082 0.488164183235116 0.7654740794918657 -0.41921970830636346 -4.737918376922607 -0.34551597511389215 0.6106021026764096 0.7125894913259971 110.11870574951172
0.7861518379700912 -0.19656000646798497 0.5859432152636916 36.4573974609375 0.49912753918777886 0.7610267218406027 -0.41437908763461756 -4.851015090942383 -0.3644680881512118 0.6182252764986655 0.6963910684504424 112.78430938720703
0.9079635305824738 -0.22155373309832055 0.35569111667626363 28.428394317626953 0.3722710031264201 0.8161677532586363 -0.44191005733293603 -3.9624602794647217 -0.1923967966559167 0.5336517046641452 0.8235285852631916 91.88574981689453
0.9756260402607871 -0.17467540409012522 0.13282444342442426 18.51018524169922 0.2160809173784481 0.8702162565596996 -0.4427558062455095 -2.9346535205841064 -0.03824744056724453 0.4606649216352101 0.8867496621171505 70.28172302246094
0.9949612655108525 -0.09404254699335479 0.034757437880918764 6.003149032592773 0.10022174501404776 0.9233196016095435 -0.37072431146329404 -1.56206214427948 0.002771634785187549 0.3723397811658014 0.928092347453647 43.096187591552734
0.9945650190427818 -0.0673701076576059 0.0793831940062502 -3.245582103729248 0.09061043209829364 0.9356130051539995 -0.34120090003055825 -0.539283275604248 -0.05128520733497997 0.34653942514655545 0.9366324008530259 23.72698402404785
0.9880959656758009 -0.06681526289407719 0.1385715817171815 -9.825699806213379 0.10787995736997771 0.9431045381142924 -0.3145087359455676 0.24333308637142181 -0.10967350369646241 0.325713909485951 0.939085817033949 8.503986358642578
0.9928108875507287 -0.06655184717326484 0.09948564317810167 -5.916452884674072 0.09611221389691518 0.9386410016667435 -0.33123332007798656 -0.2303640991449356 -0.07133711446763032 0.33841383190980634 0.9382894513270164 17.794509887695312
0.9947149751511976 -0.06828160071303006 0.0766794706164493 -2.795009136199951 0.09053141805951613 0.9355912296522758 -0.3412815748643277 -0.5869800448417664 -0.048437387977529237 0.3464197944716914 0.9368282368951661 24.58852767944336
0.9938246783020058 -0.06714512371459797 0.088340484259859 -4.326298236846924 0.09335859104393371 0.9362713931245048 -0.33864443284216394 -0.42093557119369507 -0.059972345928824604 0.344800537670768 0.9367581902207971 21.52921485900879
0.9836240758607621 -0.07963983211276467 0.16168232596085738 -11.62278938293457 0.124431666968681 0.9490459912253627 -0.28953146080256026 0.49771741032600403 -0.13038572637546467 0.3049085169032178 0.9434142031353052 3.5108025074005127
0.9898028145873822 -0.0664975050439545 0.12597011573315872 -8.550233840942383 0.10469929176995003 0.9392589814362872 -0.3268495435122085 0.06145887449383736 -0.09658388342662055 0.33670558001642537 0.9366434251346856 12.378565788269043
0.9903698999471336 -0.06594885538385978 0.12173006921982521 -8.224363327026367 0.10272111134253262 0.9395230767706962 -0.326718168303937 0.03011694923043251 -0.09282151993616408 0.33607608764814473 0.9372497152562155 12.895928382873535
0.9930242930503372 -0.06588297003472708 0.09778643909705179 -5.820078372955322 0.09497939035129653 0.9383830787051809 -0.33228920086015834 -0.2418670803308487 -0.0698689403123749 0.33925894514248234 0.9380947176700423 18.022979736328125
0.37705723914202993 0.2967284906464164 0.8773710966571042 -62.51392364501953 0.4125995103757947 0.7942874597251497 -0.4459473907996583 2.9507532119750977 -0.8292101557797302 0.5301505768761062 0.1770618066938412 11.245439529418945
0.47063647678380743 0.35950943754439635 0.8057631606353298 -64.61042785644531 0.5348225369881776 0.6100963140064872 -0.5845916023731671 2.730341672897339 -0.7017593324281864 0.7060704298809074 0.09485983026411376 18.729066848754883
0.6082439545426753 0.40130693459255307 0.6848299321804034 -59.59897232055664 0.5114543465252727 0.46164147155980007 -0.7247769333777865 1.893261432647705 -0.6070039070571902 0.7911004335632932 0.07554045825433825 33.501094818115234
0.5568851008808722 0.3991550725733305 0.7283915241515926 -61.867393493652344 0.5277132019642604 0.5071766865972339 -0.6813887180199558 2.228329658508301 -0.6414029629566178 0.763837048467296 0.07179973885217811 27.66563606262207
0.6830010365376504 0.3571358994365179 0.6371526766970103 -54.6634521484375 0.4780012277873512 0.4410362862152549 -0.7596063588960015 1.4812562465667725 -0.5522901504845802 0.8233716922357276 0.13051684221813947 38.394081115722656
0.7943262801873807 0.2426914415344458 0.5569080936829804 -44.13786315917969 0.4206515791764499 0.4416676310973704 -0.7924531232679924 0.6123653650283813 -0.43828986931029734 0.8637306106922283 0.24873966835467287 49.81399154663086
0.9017205033195743 0.08668442798427067 0.42353977834216877 -26.54676628112793 0.3247084723025859 0.5109992020457442 -0.795892092889189 -0.6313446760177612 -0.28541993957678297 0.8551991729729704 0.4326312894813933 63.542598724365234
0.9593531819189709 -0.044976792582998276 0.2786010776556535 -3.774953842163086 0.24722172238271592 0.6100409559404693 -0.7528156826590168 -2.369069814682007 -0.13609883292691694 0.7910923588331417 0.596363972311999 85.24539947509766
0.9744163304378038 -0.09220297692752151 0.20496689006234148 3.8963706493377686 0.2104168598029525 0.6947273043066768 -0.6878071806556275 -2.6909353733062744 -0.07897822539655902 0.7133390383937229 0.6963546913870325 83.75518798828125
0.9637326890318973 -0.04823709939646227 0.2624737821824575 -4.522336483001709 0.2321818035704058 0.6364498460264008 -0.735542795208929 -2.1505844593048096 -0.13157094733314728 0.7698082720618081 0.6245672982818358 79.20086669921875
0.9530506132431857 -0.016962616006958517 0.3023355722619952 -9.731826782226562 0.25212507023236513 0.5974332730603523 -0.7612531991398916 -1.8294354677200317 -0.16771248479797973 0.8017392056639085 0.5736608480141314 76.8208999633789
0.9641001260211041 -0.0709368353379067 0.2558884764860152 1.6207969188690186 0.24231142430203337 0.6291755463234909 -0.7385277960654268 -2.818347215652466 -0.10860994732901401 0.7740194424565701 0.6237770291060816 91.61321258544922
0.9775595253151786 -0.07909189813048487 0.19524816546047147 -1.5249990224838257 0.19072145652128078 0.7258764772865751 -0.6608544966514439 -1.9945255517959595 -0.08945781401288451 0.6832626225487161 0.7246719865841973 68.8920669555664
0.9711188649010047 -0.0891084897490387 0.22133193915029437 4.221933364868164 0.22274176003227733 0.6710917568581585 -0.7071223106470009 -2.8488380908966064 -0.08552343872358925 0.7359996813393846 0.671558047005035 88.57681274414062
0.9706372646624492 -0.09096921133306632 0.22268341437574224 4.568604469299316 0.22525384139278445 0.6685553980268722 -0.7087273006643138 -2.8913533687591553 -0.08440383514031169 0.7380774230110079 0.6694159471173634 89.45254516601562
0.9637178078891462 -0.05041853643022162 0.26211821367767024 -3.9649388790130615 0.23373280531756882 0.6336420337308961 -0.7374732190444295 -2.216032028198242 -0.1289067976319242 0.7719816994421618 0.6224365776934014 80.51052856445312
0.7346833894314324 0.4957293213540484 0.463133627847727 -52.87935256958008 0.4140430796325922 0.2131410074135221 -0.8849515462256157 0.6395323276519775 -0.537409197448184 0.8419164750191099 -0.04866213712420858 64.7806396484375
0.624702285792209 0.5834968094640232 0.518920540614162 -66.55142211914062 0.456993520978672 0.26565979958863173 -0.8488708928135323 1.8474922180175781 -0.6331697844255558 0.767434912046509 -0.10069597739066682 45.90475082397461
0.6007548582205863 0.5876244552675661 0.5420249993273922 -69.12811279296875 0.4781619933263924 0.27923583468276786 -0.832699499679896 2.0657896995544434 -0.6406673930070848 0.7594240239816714 -0.11322739658312164 42.68010330200195
0.5366927016767333 0.6012591353808436 0.5919868208735811 -72.69348907470703 0.490290055067085 0.3487740035804223 -0.7987317173674765 2.5032598972320557 -0.6867143553685505 0.7189187343139446 -0.10760691233927422 34.87677764892578
0.5038017971907098 0.5773284701903377 0.6425539562208726 -74.05458068847656 0.5107037034875065 0.4008567487796357 -0.7605889784909883 2.7207014560699463 -0.6966817612020253 0.7113407794197548 -0.0928914374037767 30.086755752563477
0.5098611839918079 0.5533946809967581 0.6586318395757736 -72.94792938232422 0.5189731681487676 0.41274006943846375 -0.7485402366082685 2.70046329498291 -0.6860819366519587 0.7234638637308901 -0.07675685034880808 29.154327392578125
0.5636280232938632 0.5230459600898797 0.6393327576399542 -68.64897155761719 0.515348355528671 0.3822192715369735 -0.7670231423624972 2.3878111839294434 -0.6455536568030166 0.7617948228357826 -0.05412138291702967 32.29417419433594
0.5834979174813347 0.504636886203563 0.6362953664594119 -65.52383422851562 0.5116918264392688 0.37996852782716506 -0.7705812044269582 2.149228096008301 -0.6306359132258409 0.7752196662518493 -0.03650772529452717 34.75960159301758
0.6168012598761229 0.46333639449781944 0.6362983508928722 -62.19047164916992 0.5038817993008899 0.3886097194009059 -0.7714179271448435 1.9479562044143677 -0.6046977246100115 0.7964307072940561 0.00622818838543715 35.9052848815918
0.6106803743697533 0.4842808738752054 0.626531336453561 -63.671974182128906 0.5032110349232514 0.37358024729315714 -0.77924094679621 2.0158934593200684 -0.6114312182830446 0.7911446353423948 -0.015557354462148454 36.02189254760742
0.6552352985110752 0.47810470804069816 0.5848782708687515 -61.89369583129883 0.48885794174657404 0.32190143155258166 -0.8108004570519812 1.6938313245773315 -0.5759206684747519 0.8171874671785643 -0.02280410291762419 42.60215759277344
0.6167779505669344 0.48900943523940454 0.6168101263284277 -63.40530014038086 0.5078657328714511 0.3514602565507344 -0.7864782803359772 1.8555375337600708 -0.6013795449376343 0.7983391887613501 -0.031578198467823615 39.8386344909668
0.7257059682800029 0.3808971768951716 0.5729469331762511 -54.38983154296875 0.4607851930769556 0.3493259052015911 -0.815872795107253 1.2147111892700195 -0.5109088504261949 0.85608921999309 0.07799611508150023 46.38408660888672
0.6635858895419734 0.45046690864472805 0.597271572583904 -59.81569290161133 0.4940116484426066 0.33568716332655923 -0.8020390386887575 1.5305486917495728 -0.5617884463067979 0.8272809030757509 0.00022136477544937305 44.28511047363281
0.6608286353065301 0.4533545662240205 0.5981430865961247 -60.020809173583984 0.49504319541461195 0.335729050474427 -0.8013852003507613 1.545050024986267 -0.5641256503941291 0.8256849532063484 -0.0025707228615715616 44.12314987182617
0.6358706666353321 0.47523068911600047 0.6081318010391088 -62.28245162963867 0.49747971305404687 0.35004236344942247 -0.7937154898894225 1.8122702836990356 -0.5900698521466776 0.8072336315547526 -0.013835955858713334 39.732177734375
0.4586825180991224 0.5939193067993982 0.6609615757373272 -76.16987609863281 0.533296713412718 0.410982271397597 -0.7393836541742487 2.7673542499542236 -0.7107777170490374 0.6916309923707831 -0.12822483120973205 32.03907775878906
0.41827562130903184 0.5886959096927779 0.6917243891388652 -79.02032470703125 0.5308890630739441 0.4594799857133579 -0.7120638633137636 3.076610565185547 -0.7370225962119569 0.6650678676946024 -0.1203429434289422 27.052635192871094
0.7160799984925844 0.5188428502559489 0.46693846757056046 -60.4284782409668 0.4628069617107625 0.14786051929926358 -0.874040607194314 1.0077614784240723 -0.5225314841719235 0.8419853701643724 -0.1342441226953784 62.807533264160156
0.5309407314687125 0.628372577231085 0.5685506519664122 -74.00042724609375 0.5042107648791662 0.30498566858984044 -0.8079326992607577 2.417781352996826 -0.6810825531809154 0.7156337374235314 -0.15490290382621413 39.10164260864258
0.5768363536466826 0.6165363750849496 0.5358569952036736 -71.38923645019531 0.49302838441087393 0.26025710569430327 -0.8301742293644317 2.138169527053833 -0.6512932006990424 0.7430673839785561 -0.15384417307932796 43.7103271484375
0.719308461397 0.5196397329321149 0.4610530179067492 -59.69510269165039 0.45340743872155975 0.15165521755101552 -0.8783065464298382 0.9910731911659241 -0.5263240749525295 0.840818198511304 -0.12652163916725712 62.56599426269531
0.7447457248619156 0.49084023770942214 0.45213899007413405 -56.92985534667969 0.4423641520619513 0.1441831055589775 -0.8851695820812413 0.7673410177230835 -0.49966765181509476 0.8592363429911043 -0.10975037408985228 65.63097381591797
0.7014745771647853 0.5278584930921594 0.4788515728928541 -61.87417221069336 0.46003930899377576 0.1778011824000315 -0.8699141185873925 1.2308869361877441 -0.5443319316115994 0.8305131852099793 -0.11811264716515185 58.0057487487793
0.6609421673636485 0.5528322918432164 0.5074760176560262 -65.23497009277344 0.4736590373459376 0.2171956889656955 -0.8535063848825247 1.605401635169983 -0.5820674941457926 0.8044889618820718 -0.11830022176117871 51.09880828857422
0.7611973459933002 0.46593360395711464 0.45109253724295906 -54.720733642578125 0.4366770188647923 0.14601400876976978 -0.8876897489767127 0.590843915939331 -0.4794703136254773 0.8726888253819435 -0.0923170212115304 68.05201721191406
0.7041490329295161 0.5210509127265933 0.48236924214880356 -62.019874572753906 0.4641109672251969 0.1763943751158425 -0.8680357334400373 1.2334028482437134 -0.5373780322321702 0.8350993777834319 -0.11761751442708407 57.9355354309082
0.7863270749858136 0.4384979717922502 0.4352117414297753 -50.61689376831055 0.4235656903374175 0.13019242268532366 -0.8964608407757212 0.19254527986049652 -0.44975753146917025 0.8892521924681484 -0.08335886921827473 74.8830795288086
0.7078399165736083 0.505475971567321 0.4934133101904936 -61.23640060424805 0.4647543131489768 0.19276343339202462 -0.8642023415591638 1.2379966974258423 -0.5319455619840157 0.8410328774281013 -0.09847648536842896 56.62718963623047
0.7535913201966349 0.4727931443948711 0.4566911042898732 -56.54094314575195 0.44185425001863654 0.15004962969672708 -0.8844489416401287 0.7254440784454346 -0.486687727259237 0.8683039509532857 -0.09582956169237594 66.14215850830078
0.6662375360400069 0.5505425831347691 0.5030212815842252 -65.2254867553711 0.4746361177796413 0.2072222703362653 -0.8554411063163578 1.5511149168014526 -0.5751939683884133 0.8086790431512243 -0.12324813953001273 52.610816955566406
0.5972932689228299 0.5917980993509032 0.5413093020668852 -70.03327941894531 0.4913608681455627 0.26341763827321074 -0.8301660346592137 2.075110673904419 -0.6338810993827776 0.7618307931891584 -0.13344884560781622 43.561279296875
0.6487397701724507 0.5764315736829905 0.49685345068535813 -66.08757019042969 0.4845861113664519 0.190510562828722 -0.8537458791241248 1.521938681602478 -0.5867819111623476 0.7946271869952821 -0.15573895601495535 55.36696243286133
0.7187143595500396 0.5236285073928011 0.45745257199207423 -57.62699508666992 0.4611249001383959 0.1334528015343433 -0.877242370291694 0.7347694039344788 -0.5203974402789958 0.8414294599122512 -0.1455436983962085 68.02455139160156
0.7276378944880816 0.49749439707189713 0.4722736700124418 -59.446083068847656 0.46996288801067754 0.13996618863394816 -0.8715184162896095 0.8718807697296143 -0.4996778746328624 0.8561009233270078 -0.13195920081991186 65.31157684326172
0.7238842553726932 0.5124233885275375 0.4619673751613608 -58.301025390625 0.465821434772749 0.13091818063721794 -0.8751404578037162 0.7750317454338074 -0.5089223670951972 0.848694704159627 -0.143928188349691 67.19776916503906
0.7747863129528431 0.45045764762209395 0.44361478442417573 -49.630470275878906 0.44417203463774824 0.11149725707955549 -0.8889766955941522 0.019317377358675003 -0.4499081827514381 0.8858082576734675 -0.11369414114541526 79.02371215820312
0.6854780875951366 0.5360315759881173 0.4927371925992692 -63.72301483154297 0.48428706287865086 0.16966915946314443 -0.8582997244875706 1.2845317125320435 -0.5436780592917869 0.8269719015001448 -0.14328866659282918 58.20351791381836
0.7660133448734145 0.45623906527731023 0.45284596806279515 -54.374847412109375 0.45214305027227203 0.11834797572793837 -0.8840590583957532 0.4373031258583069 -0.4569356820892077 0.881952193690784 -0.11562919388149745 71.74048614501953
0.6291202441727157 0.5810130003539932 0.5163638366420649 -68.34000396728516 0.4946574170427115 0.2131746730274089 -0.8425381881815744 1.7507749795913696 -0.5996013326675445 0.7854810323612581 -0.1532898876769 50.4174919128418
0.6985674275094224 0.5290209954872189 0.4818094390488624 -62.54899597167969 0.47606922862512485 0.1590699056124475 -0.864901644514985 1.1942942142486572 -0.5341925109725391 0.8335667648497981 -0.14072956249024193 59.740055084228516
0.7241934512666364 0.497763616820728 0.47725802969888864 -59.84932327270508 0.47152422176973463 0.14758224279105403 -0.8694161201042965 0.9426864385604858 -0.5031985228783605 0.8546641816423044 -0.12782950829415807 63.49779510498047
0.6846816969266484 0.538823581276616 0.49079539744570416 -64.08541870117188 0.48194485094903206 0.1704484120264036 -0.8594629133833478 1.3246264457702637 -0.5467541810881377 0.8249948406492726 -0.1429803425814919 57.574668884277344
0.706413555629346 0.5109076252042055 0.48985026991041186 -61.45479965209961 0.48000461020108276 0.16281155184636847 -0.8620255058703794 1.0899343490600586 -0.5201686866861661 0.8440768905103231 -0.13022572824758083 61.04777145385742
0.7647443104212046 0.45966379281839087 0.45152556655211434 -54.78175735473633 0.4510049595656975 0.11860542986491146 -0.8846057192069826 0.48772957921028137 -0.46017460395543336 0.8801374606153126 -0.11660782261962127 71.00130462646484
0.7770914150168706 0.4413886686959196 0.4486702306303841 -52.70157241821289 0.44695000879768415 0.11490171658477083 -0.8871489644708063 0.2921217381954193 -0.4431304800426488 0.8899290076588792 -0.10798953182811238 74.1483154296875
0.7822943025580597 0.4408605458091281 0.44006545346581893 -50.92813491821289 0.44091985470007283 0.10712410349096901 -0.8911308030713129 0.13734428584575653 -0.4400060294092182 0.8911601458773467 -0.11058159197353057 76.89047241210938
0.8174849704322977 0.3785320013846402 0.4340873725934026 -37.505741119384766 0.41459175758859307 0.1364131507488628 -0.8997250284627903 -0.9520782232284546 -0.3997899419156341 0.9154807350406159 -0.04542054725107514 93.41194152832031
0.7659371671563089 0.45256800680573517 0.45664259019987735 -51.77202606201172 0.4572974249731424 0.1157465454458983 -0.8817492854152331 0.19004158675670624 -0.451906318921856 0.8841860304445128 -0.11830360301052995 76.5929946899414
0.8058857661591748 0.3735249278071548 0.45937703491652704 -38.61478042602539 0.4432979762343911 0.13365415403588776 -0.8863540327518372 -0.8872332572937012 -0.3924729750804933 0.91794100867954 -0.05787286424444099 92.73397064208984
0.8011736854012478 0.40599732203741684 0.43964406093910635 -45.89896774291992 0.4374533521659329 0.10398528502978632 -0.893208612349916 -0.30715012550354004 -0.40835681762322873 0.9079390040061724 -0.09429461546084672 84.21879577636719
0.7352600836584402 0.48166982870582403 0.47685090488860954 -57.87594985961914 0.474981889567984 0.13571732825811061 -0.8694670847093108 0.7222421169281006 -0.4835129925462304 0.8657799852878226 -0.12899691125762097 67.78768157958984
0.8113716003582558 0.37082966451194815 0.45184232432347365 -40.72078323364258 0.4391115734229913 0.12353708608115194 -0.889898654032336 -0.722710132598877 -0.38582010343950207 0.9204476890516561 -0.06260111421850162 89.87214660644531
0.793774262685548 0.4219599119251554 0.43803225066897733 -47.7061882019043 0.43880528750142217 0.10138894971888729 -0.8928438836301087 -0.15952490270137787 -0.42115595633780234 0.9009273631114862 -0.1046783016588207 81.94541931152344
0.7736973442296727 0.44445625969737673 0.45149867413733225 -53.364933013916016 0.4507748816982661 0.11458312274496218 -0.8852529096320026 0.32855698466300964 -0.4451903250991255 0.888442086575051 -0.11169706012381897 73.8239517211914
0.7805514371717279 0.4448524618402043 0.43914205119056865 -50.58803939819336 0.4429989208603242 0.10197130266563265 -0.890704108865151 0.08330999314785004 -0.4410118026150079 0.8897798270512677 -0.11747531369133618 78.25255584716797
0.7415774313988682 0.48402448489497135 0.4645247154479666 -57.92047119140625 0.46531225302797624 0.12769265966717225 -0.8758876022921847 0.7287989258766174 -0.4832674419220535 0.8656875202342247 -0.13052852902271328 67.70536041259766
0.7055909565555735 0.521347241687495 0.4799358869805753 -62.28774642944336 0.47577063749549564 0.15338883201811104 -0.8660913154565455 1.1345967054367065 -0.5251511235102907 0.8394456026431734 -0.13981193682557663 61.065216064453125
0.6546383807429678 0.5638830116209699 0.503472481535476 -66.78385925292969 0.4899785415533333 0.1906594507951417 -0.8506291804539526 1.556102991104126 -0.5756471308670733 0.8035452215200835 -0.15147758149886908 54.2042121887207
0.6194316879151758 0.5900349873551266 0.5178446656125677 -69.47932434082031 0.4949949714972669 0.2184390331581358 -0.8409901111103262 1.836510181427002 -0.6093310776572753 0.7772664295399452 -0.156756292732538 49.49641418457031
0.6879838981940158 0.5297223785224853 0.49605680876110037 -63.5702018737793 0.48656659783282363 0.17046173818790428 -0.8568522286178344 1.2669143676757812 -0.5384525064470935 0.830865210191424 -0.1404702843821547 58.583030700683594
0.754739519192598 0.4656839610151913 0.46206785932601685 -56.53837966918945 0.45835633297755807 0.12958031202516984 -0.8792715250449235 0.6114330291748047 -0.4693375439790555 0.8754126976396113 -0.11564981030268373 69.2677001953125
0.7503791097375265 0.46712296932270747 0.4676829302002099 -56.7899169921875 0.4629524759216914 0.13362390234861748 -0.876253192724057 0.6346434950828552 -0.4718116114589521 0.8740370611434417 -0.11598715032382995 68.78263092041016
0.7717346952419653 0.4283513927638294 0.4700432368166564 -51.794334411621094 0.4598057218904976 0.13476131973752575 -0.8777346323458812 0.21087642014026642 -0.4393224991695168 0.8935068388209955 -0.09295843535452813 74.81946563720703
0.8020826470799685 0.3896490178876547 0.4525892951809366 -44.28499984741211 0.44519701363910436 0.11502824353701552 -0.8880135822359995 -0.436318039894104 -0.3980741718574743 0.9137516873023958 -0.08120842106586523 85.95184326171875
0.8089042309158259 0.37026854065309084 0.4567002879450661 -42.52981185913086 0.4425715413146772 0.1278907200363884 -0.8875665578123845 -0.5787583589553833 -0.3870457027597993 0.9200788941885388 -0.060418974204868636 87.40276336669922
0.8105958769207318 0.3824526763838987 0.4434684595841096 -43.653202056884766 0.43424422969812937 0.11551596167108386 -0.8933577175874641 -0.4913029670715332 -0.39289473563918925 0.9167257021192314 -0.0724411056032001 86.366943359375
0.8053022444160801 0.3891065681566732 0.4473079182797469 -43.372093200683594 0.44184973466700683 0.10915042469379677 -0.8904240544616144 -0.5113824009895325 -0.39529369728484187 0.9147033745463611 -0.08402755191233274 87.45523834228516
0.795081329024924 0.403916402301879 0.45243476898605794 -48.25030517578125 0.4440811063811625 0.12037144149151546 -0.8878641151823503 -0.1069505363702774 -0.4130831044611285 0.9068419134693553 -0.08366655714199717 80.26007843017578
0.7986600854205428 0.4037113955606037 0.44627253674247225 -47.4205322265625 0.4408501834717948 0.11228234995660963 -0.8905300610429199 -0.1824820190668106 -0.40962566287884894 0.9079701443234416 -0.08830081159498138 81.69927978515625
0.8043760850585175 0.4041708980298658 0.43545952621531286 -47.004066467285156 0.43192723302997665 0.10544830156125218 -0.8957229041756808 -0.21751593053340912 -0.40794359800467656 0.9085849112128043 -0.08975232567137065 82.52098846435547
0.8151125036184613 0.37396864138793984 0.4424240745069179 -41.16542434692383 0.43121156765596436 0.11831144412054773 -0.8944601646299273 -0.6958348155021667 -0.38684388371089706 0.9198640429153482 -0.06482246668324931 89.54950714111328
0.8315838871960123 0.3394533691915531 0.439590319161458 -32.275360107421875 0.4151892324601151 0.1457620850436424 -0.8979818014931649 -1.3987795114517212 -0.36889854947552975 0.9292603643265069 -0.019723982524253114 100.06249237060547
0.824050304489394 0.3639151355722871 0.4341737783104154 -35.96946334838867 0.4165995605938448 0.13009053016014172 -0.8997339940647288 -1.1119388341903687 -0.3839087154310948 0.9223026770339865 -0.04440574458321278 96.17242431640625
0.8089849114174746 0.3965939171056542 0.4338855586599476 -41.246673583984375 0.4260298790096027 0.11299867591132062 -0.8976245548297753 -0.6947693228721619 -0.40502093191577726 0.9110129330350268 -0.07754663469805456 90.29721069335938
0.8185997760701507 0.3792275793444539 0.43137089572947024 -36.4108772277832 0.41372758590818043 0.13162729822840474 -0.9008350231977441 -1.079438328742981 -0.3984016707752224 0.9158933875870253 -0.04914683405749276 95.98213195800781
0.8249685016382751 0.36152631932668194 0.4344257033588148 -35.22949981689453 0.41531345678347314 0.1335578028955367 -0.8998205631681679 -1.1690291166305542 -0.3833297587186014 0.9227464623176935 -0.039965764860939 97.0416030883789
0.8495284708587757 0.3132917288598127 0.42444041964494855 -24.599271774291992 0.3865262127907487 0.17790291006279746 -0.9049574804469155 -1.9972761869430542 -0.35902487939694555 0.9328444925169564 0.030038121692125164 107.84020233154297
0.8481905407770765 0.315614648708732 0.4253941702195201 -25.501266479492188 0.38897082276292216 0.17400635712441742 -0.9046676111807169 -1.9280675649642944 -0.3595476402028328 0.9327964307397157 0.024825656563742637 106.95368957519531
0.8515360801475695 0.31422423914663516 0.41970159844779054 -28.887529373168945 0.3866230107413062 0.16435693865140583 -0.9074742113594556 -1.6651736497879028 -0.35413126347759816 0.9350133283808613 0.018469541897504327 102.94522094726562
0.8446610647752089 0.31271611820369066 0.4344609476908436 -28.96216583251953 0.4023376759831037 0.16447665442010445 -0.9005952612773869 -1.6613049507141113 -0.35308933733168096 0.9354977603214158 0.01310954981261897 102.86692810058594
0.8603966693145582 0.29190151085738253 0.4177452326377792 -25.972492218017578 0.37851896324507134 0.18282792693416267 -0.9073573406309297 -1.8921067714691162 -0.3412344734874997 0.9388117261155902 0.046814282132432605 105.66986846923828
0.8479165091091767 0.31395420303811283 0.42716548546764693 -29.481740951538086 0.39507842356165424 0.16305063121868818 -0.9040616853374692 -1.625345230102539 -0.35348356795775554 0.9353326948492127 0.014216790424144643 102.25055694580078
0.8502638688548145 0.2967499154185086 0.434730768429324 -25.375219345092773 0.3967772356179744 0.18134858094787482 -0.8998224922080744 -1.9379944801330566 -0.34586005640345485 0.9375778260428835 0.03645053493844691 106.5491943359375
0.873633076911395 0.2686655699739116 0.4056896084901881 -14.92236042022705 0.3506494863313911 0.23043818628477286 -0.9077131595594041 -2.7367618083953857 -0.337357650960906 0.9352630933659136 0.10711097761556476 117.03860473632812
0.8535420648209159 0.30309272358505024 0.4237932803750474 -25.05396270751953 0.38535633873479525 0.18019631767902855 -0.9050026404888729 -1.9704676866531372 -0.3506657037381343 0.9357692493369905 0.037006434806991506 107.01822662353516
0.8802491121138755 0.22784149325525246 0.4162328129472141 -2.6358773708343506 0.3424451779068406 0.30218436891609113 -0.8896155952495078 -3.66092848777771 -0.32847039554743146 0.9256202575214095 0.18797430174072582 129.0738525390625
0.8942890144907191 0.19249898637418736 0.4039694280587688 1.6601794958114624 0.3267575318896392 0.33587598499098326 -0.8834120431937341 -3.982642412185669 -0.3057395524210268 0.9220257387683096 0.2374697099297992 132.73312377929688
0.9011267297025065 0.16490957502823023 0.4009681397314183 3.5210490226745605 0.3254685699984519 0.35368459600168833 -0.8769135741304757 -4.118780136108398 -0.28642769935679846 0.9207127883412562 0.2650417597776631 133.91453552246094
0.8937239201801129 0.18601578823839654 0.4082348356325547 0.997687041759491 0.3329028572308161 0.3349978586077028 -0.881448876779483 -3.929514169692993 -0.3007212033519582 0.923674488796947 0.23747041205221475 131.7389678955078
0.8653609247439401 0.267466969577282 0.4238064300024933 -15.62253189086914 0.36907129406825845 0.23195942749940401 -0.8999895576554929 -2.6807496547698975 -0.3390233765112578 0.9352305834281159 0.10201424410155624 115.92626953125
0.8584473660517477 0.2835731680929564 0.42738083491956025 -22.543302536010742 0.38153985795919965 0.2038129225907893 -0.9016028113163104 -2.1511926651000977 -0.34277610259072944 0.9370413816490308 0.06676820029014496 108.56365966796875
0.8290565909404923 0.34018481478314005 0.4437786168903244 -36.65541458129883 0.42000402941116405 0.14507574339479773 -0.8958513514846268 -1.060512900352478 -0.36913653882610253 0.9291002747117273 -0.022602991706360764 93.97945404052734
0.7954754645165008 0.39264558573107783 0.46157147805963517 -46.58780288696289 0.4464205610043516 0.13537487612441146 -0.8845237846586491 -0.24502821266651154 -0.4097895411852497 0.9096719666562223 -0.06759767018902013 81.56958770751953
0.7631025381635661 0.4349661195003342 0.4779947605729002 -52.7620735168457 0.4644429975253909 0.1452203307663018 -0.8736153373091362 0.291370153427124 -0.44940763044028625 0.888659400681131 -0.09119896536200511 73.2109603881836
0.8154310133275406 0.36500391796929665 0.44927096764723495 -43.25957107543945 0.43061448526145796 0.1361759877001918 -0.8922036008988568 -0.5223188400268555 -0.38683772771878056 0.9209930728517668 -0.046133850613518046 85.947265625
0.8369739328242092 0.3295460542998097 0.4368913295868923 -36.01062774658203 0.4089523378546773 0.15384433191216523 -0.8994942506218109 -1.1122801303863525 -0.363638035876295 0.9315209711187 -0.006004933813453683 94.54766082763672
0.8318437596640089 0.3368063303038728 0.44113201581304995 -39.10871887207031 0.41518132495352106 0.14984215728707423 -0.8973136549219534 -0.8596544861793518 -0.36832109214364195 0.9295745391128105 -0.015190434994449442 90.86566162109375
0.8607474316782706 0.28673374331411383 0.4205919867333862 -26.6507568359375 0.37797547597949477 0.19341071721260272 -0.9053876705728774 -1.8406482934951782 -0.3409521937417846 0.9382835684974893 0.058099454991265564 104.28196716308594
0.8736884695603622 0.2531891435786246 0.4154078907907204 -18.750682830810547 0.36183243234790624 0.23257989709708943 -0.9027645774882316 -2.4426162242889404 -0.32518571472078894 0.9390430496203197 0.11159033068012553 111.96369171142578
0.8749549751198304 0.22636080342923678 0.42803572068686896 -15.758174896240234 0.3704521638948455 0.2563032576941721 -0.8927899161398394 -2.6626181602478027 -0.3117995923324522 0.939717737816109 0.14039796100759933 114.46435546875
0.8887235067415535 0.1993270587447539 0.4128428904767063 -5.730511665344238 0.3461555001240787 0.29866720210544245 -0.8893673437451793 -3.4255456924438477 -0.3005776077801625 0.9333095017402707 0.19643440549578522 124.8458251953125
0.8649497089865951 0.21625059414850467 0.4528771151807337 -17.31797981262207 0.39562755110063763 0.2613962182766 -0.8804265204324576 -2.545504331588745 -0.3087731233998795 0.9406953266606096 0.1405398899415108 112.2957992553711
0.8681894917577853 0.18867606741951623 0.45896442997738396 -15.171655654907227 0.39979972155512844 0.28192516289982456 -0.8721687825004684 -2.7104623317718506 -0.2939509976948548 0.9407016233147542 0.16933182467329017 114.23577117919922
0.8690752445877962 0.17971604316230955 0.4608799877134448 -15.083205223083496 0.4014520093192357 0.2881454738302426 -0.8693724576524686 -2.7210004329681396 -0.2890406605621611 0.9405712783947997 0.17827273151147283 114.24627685546875
0.8777826645062035 0.1538368387532056 0.4536869195103714 -9.8961763381958 0.3923078138186199 0.312689178777291 -0.8650549443199771 -3.11224627494812 -0.27494030826571253 0.9373151575206728 0.21412174661334943 119.34101867675781
0.8800128855514304 0.20428370158929263 0.4287720729343525 -10.636247634887695 0.3653292695162239 0.28573776472148016 -0.8859393064125297 -3.057086706161499 -0.30349933459265943 0.9362809936535873 0.17682209936787896 119.56159210205078
0.8979252435777948 0.16603704631171468 0.40762968022193863 -0.4824683368206024 0.33644908190871803 0.3381877124059254 -0.8788805871450504 -3.8278298377990723 -0.28378208581328596 0.9263156969574299 0.24780427224269597 129.7302703857422
0.9150791015232191 0.13590151366357922 0.3796854178651132 11.200472831726074 0.29627945922948984 0.4121663463771376 -0.8615900329929554 -4.704730987548828 -0.2735849410953363 0.9009160235549533 0.3368999829441847 141.08712768554688
0.9327406901181021 0.03335272140568825 0.35900195121035355 28.835214614868164 0.28256769949044214 0.5508321433640839 -0.7853276036416957 -6.069177150726318 -0.22394262703354556 0.8339493664556402 0.504359151781298 156.45623779296875
0.9060131051019458 -0.09497159947382833 0.4124568446236688 47.22768783569336 0.3767292907660451 0.6251192056873125 -0.6835941926024357 -7.419738292694092 -0.1929126612289695 0.7747298716160659 0.6021447759163162 172.51449584960938
0.9135469485585836 -0.07900726420563567 0.3989859959723421 47.11675262451172 0.35531096276563057 0.6324436879070114 -0.688308870613433 -7.440749645233154 -0.1979547739203618 0.7705665667736434 0.6058391483329704 172.7848358154297
0.9222977391376908 -0.05904050906340652 0.38194384230019707 45.60847854614258 0.3294247632270568 0.6368927975566572 -0.6970271800964811 -7.355081558227539 -0.20210444268818428 0.7686883521362793 0.6068541929786015 171.64224243164062
0.9132756713830172 -0.07451865618155007 0.4004678737936357 47.62460708618164 0.35291511212665827 0.6356990637895111 -0.6865403294270246 -7.488342761993408 -0.20341698968504973 0.768331744871989 0.6068672491817608 173.45941162109375
0.93467151582514 -0.03941463120678715 0.35332088015282626 42.67825698852539 0.2956092207007899 0.6382615188184473 -0.7108005502475644 -7.169823169708252 -0.19749518004702438 0.7688099377885288 0.6082161897021416 169.01531982421875
0.9387044925996374 0.03994022158866124 0.34240130588639056 23.641565322875977 0.2683862990518179 0.5386720234308225 -0.7986245961991223 -5.698619365692139 -0.21633924760552609 0.8415683156300453 0.4949344401767601 151.4063262939453
0.9166642671442884 0.11222397866718394 0.3835784143469654 4.941893100738525 0.3151431206923083 0.3872830955228416 -0.8664275026813026 -4.250216960906982 -0.24578737726160385 0.9151052303065221 0.3196419600811336 134.39785766601562
0.8939189366717388 0.13911927649312547 0.42609243312654216 -3.9807305335998535 0.36268893925691803 0.33406688439029997 -0.8699747410669171 -3.568193197250366 -0.2633736281413898 0.9322259080618748 0.2481716912499361 125.57176971435547
0.9260198468709275 0.09511160195632308 0.3652958066751469 7.886714458465576 0.29496008567526727 0.42156960962715756 -0.857483301351837 -4.482053279876709 -0.23555422106084906 0.9017942378459225 0.3623276990906282 137.00059509277344
0.9241931284064306 0.09735310910626167 0.36930940084660524 5.1813740730285645 0.3012664291405329 0.4085087527954248 -0.8616026564272178 -4.2812323570251465 -0.23474582015287618 0.9075477789278482 0.3482117586812408 134.35202026367188
0.9225267551827359 0.10346081169010059 0.3718067326131123 3.6284611225128174 0.30337900595423156 0.4010755829800528 -0.8643492092224263 -4.16508150100708 -0.23854887280856135 0.9101836282759852 0.3386151179438515 132.86782836914062
0.9444527519208704 0.025519609778119956 0.3276549235184285 18.185943603515625 0.26706839379628994 0.5214252349943671 -0.810425935756093 -5.2788615226745605 -0.19152929912722116 0.8529152793964014 0.4856460169176659 145.7852783203125
0.9333382797897005 0.05204957251480212 0.35520486691517733 14.659642219543457 0.2876193784948282 0.48369530212621953 -0.8266280589329603 -4.994967460632324 -0.21483656251544153 0.87368741361087 0.4364808755312164 142.81967163085938
0.9290405836587603 0.027101110553992447 0.36898390713109785 12.562457084655762 0.3127793229033064 0.4751666702064592 -0.8224267327179094 -4.834043502807617 -0.1976175323172 0.879478348415495 0.432972453614793 140.3141326904297
0.8607011274901342 0.18107159776847825 0.47582207348838124 -17.551280975341797 0.4191606320768493 0.2784329171422099 -0.8641640325589903 -2.530358076095581 -0.28896009007153256 0.9432328382394508 0.16374944034286681 111.52910614013672
0.8259960846312862 0.21917156378545266 0.5193209930299612 -27.773643493652344 0.46766315043018947 0.24786753590861593 -0.8484414313152685 -1.7269129753112793 -0.31467705016968706 0.943676591990302 0.10223915016310542 100.58135223388672
0.8306878519611799 0.13700350052463808 0.5396181366930844 -23.336353302001953 0.48387309604050077 0.3017263302416786 -0.8214791832828571 -2.0462615489959717 -0.27536252383412896 0.9434994766733499 0.1843480891813466 103.56063842773438
0.8068352703126116 0.22298100693559697 0.5470798087350347 -33.213134765625 0.49306554861198415 0.25594192297828394 -0.8314926919908203 -1.28508460521698 -0.32542773598993985 0.940623836933854 0.0965587180957605 93.67620086669922
0.8299739535740699 0.15840204984874287 0.5348383185527599 -25.233562469482422 0.4790436994094983 0.2887969467614757 -0.8289230709766203 -1.9102541208267212 -0.2857627870186903 0.9441954851326949 0.1638124397301527 102.06441497802734
0.835048849580317 0.1312779460414732 0.5342841188896794 -22.605634689331055 0.47857346705651477 0.30573727964713165 -0.8230991146049659 -2.1077094078063965 -0.2714053342218903 0.9430221719117232 0.19247942185802708 104.41217803955078
0.834688086530627 0.1545233145768478 0.5286003627089415 -24.326744079589844 0.47356723184129024 0.28856763343623215 -0.8321434959543874 -1.9871424436569214 -0.28112252689889095 0.9449080728754498 0.16768678744846133 103.20622253417969
0.8658088824115714 0.1085433234805912 0.4884601581142655 -13.805784225463867 0.4329211111730576 0.32700184277249433 -0.8400292294462604 -2.816753625869751 -0.25090693620924603 0.9387694827545154 0.23613040382574346 114.44925689697266
0.8542524111155917 0.23611246300081482 0.46314546626182895 -25.49538803100586 0.4104767916614983 0.24033360318059682 -0.8796297872909458 -1.9379721879959106 -0.31900097430961094 0.9415363317461096 0.10838687370525402 104.1983871459961
0.9014057130544206 0.12052260305945446 0.4158630094449669 -3.895242691040039 0.35293091506083213 0.3518568418889962 -0.8669697411157009 -3.584580183029175 -0.25081369513480545 0.9282623901503686 0.27462961487274046 125.38409423828125
0.8847428786860014 0.12186096381201875 0.4498665847928844 -10.107121467590332 0.3892625157321099 0.3376394326975381 -0.8570147649449184 -3.1088860034942627 -0.2563293437363668 0.9333539087540644 0.2512881782997222 118.74431610107422
0.866672177043315 0.1982800335711709 0.4577820068832068 -20.466535568237305 0.39760154863733116 0.27970364243417917 -0.8738872243775216 -2.3256962299346924 -0.3013176829530537 0.939388578116675 0.16357491630361537 109.04669952392578
0.8755769617485174 0.178301770641147 0.4489693337428152 -17.15361976623535 0.38637435048698726 0.2993848033314108 -0.8724010550314412 -2.5787594318389893 -0.2899652485057379 0.937324499904086 0.19324320567244113 112.26288604736328
0.8811934195221349 0.08956665179786266 0.46419389513069537 -10.675643920898438 0.40677103494356864 0.3567020856588375 -0.8410118591420536 -3.0614681243896484 -0.24090554688886817 0.9299147471528536 0.27789041096414163 117.59210968017578
0.8593068605082117 0.17855959449019793 0.4792788235453524 -20.209712982177734 0.4199381805547166 0.28861177910894126 -0.8604389376777217 -2.341032028198242 -0.2919651417479751 0.9406485593329041 0.1730220905809921 108.90339660644531
